current_time, current_time_step, current_sub-iteration, fetchTime, forceVecProjTime, linearAssembleTime, bcApplyTime, solverSolveTime, totalForceCalTime, printDispTime, pushTime, moveMeshTime, dispVTKExpTime, dispTxtExpTime, checkpointExpTime, assignOldFuncSpaceTime, simtimePerIter, simtimePerStep
0.001,1,1,0.008343219757080078,0.006453037261962891,0.013433456420898438,0.00015211105346679688,0.15326857566833496,0.004953861236572266,0.0006840229034423828,0.005463123321533203,0.0,0.0,0.0,0.0,0.0,0.19277524948120117,0.0
0.001,1,2,4.418488025665283,0.0006127357482910156,0.007884025573730469,0.0001957416534423828,0.1092529296875,0.0036399364471435547,0.0002574920654296875,0.0043697357177734375,0.0,0.0,0.0,0.0,0.0,4.544721603393555,0.0
current_time, current_time_step, current_sub-iteration, fetchTime, forceVecProjTime, linearAssembleTime, bcApplyTime, solverSolveTime, totalForceCalTime, printDispTime, pushTime, moveMeshTime, dispVTKExpTime, dispTxtExpTime, checkpointExpTime, assignOldFuncSpaceTime, simtimePerIter, simtimePerStep
0.03,1,1,0.014805078506469727,0.0004467964172363281,0.014591693878173828,0.00012135505676269531,0.5055892467498779,0.02258443832397461,0.0018224716186523438,0.030658483505249023,0.0,0.0,0.0,0.0,0.0,0.5906586647033691,0.0
0.03,1,2,4.744103193283081,0.00048613548278808594,0.01425313949584961,0.00013899803161621094,0.47119688987731934,0.005026578903198242,0.00046515464782714844,0.018138885498046875,0.0,0.0,0.0,0.0,0.0,5.253840446472168,0.0
0.03,1,3,5.224902868270874,0.0006201267242431641,0.014553308486938477,0.0001373291015625,1.7471091747283936,0.01621532440185547,0.0022847652435302734,0.048830270767211914,0.0,0.0,0.0,0.0,0.0,7.0546863079071045,0.0
0.03,1,4,6.791345596313477,0.0011305809020996094,0.021817922592163086,0.0002162456512451172,2.0802130699157715,0.011473894119262695,0.0008389949798583984,0.03126406669616699,0.0,0.0,0.0,0.0,0.0,8.938331604003906,0.0
0.03,1,5,7.289376497268677,0.0004932880401611328,0.015280485153198242,0.0001404285430908203,1.5470154285430908,0.011841535568237305,0.0004284381866455078,0.039118289947509766,0.0,0.0,0.0,0.0,0.0,8.903729677200317,0.0
0.06,2,1,1.3434867858886719,0.0010662078857421875,0.023470163345336914,0.00030922889709472656,1.876800298690796,0.01888275146484375,0.002447366714477539,0.060263872146606445,0.006857156753540039,13.552281141281128,0.005209445953369141,0.026795148849487305,0.009002923965454102,3.326780080795288,44.34335207939148
0.06,2,2,7.38122034072876,0.0013685226440429688,0.025438785552978516,0.0002529621124267578,1.0341417789459229,0.005806922912597656,0.00037407875061035156,0.01624011993408203,0.006857156753540039,13.552281141281128,0.005209445953369141,0.026795148849487305,0.009002923965454102,8.46487808227539,44.34335207939148
0.06,2,3,9.521648168563843,0.0005581378936767578,0.015937328338623047,0.0001685619354248047,1.7596135139465332,0.019014358520507812,0.0013806819915771484,0.04888272285461426,0.006857156753540039,13.552281141281128,0.005209445953369141,0.026795148849487305,0.009002923965454102,11.367239713668823,44.34335207939148
0.06,2,4,8.337761163711548,0.0015554428100585938,0.026899337768554688,0.00024247169494628906,1.781294822692871,0.0641181468963623,0.0005097389221191406,0.03157520294189453,0.006857156753540039,13.552281141281128,0.005209445953369141,0.026795148849487305,0.009002923965454102,10.244012355804443,44.34335207939148
0.06,2,5,8.7987642288208,0.0013644695281982422,0.026233911514282227,0.0002598762512207031,1.5563690662384033,0.03338813781738281,0.0014967918395996094,0.05132269859313965,0.006857156753540039,13.552281141281128,0.005209445953369141,0.026795148849487305,0.009002923965454102,10.469240665435791,44.34335207939148
0.09,3,1,4.351881504058838,0.0012612342834472656,0.023937225341796875,0.00031065940856933594,1.2550537586212158,0.00612330436706543,0.0006859302520751953,0.022215843200683594,0.00313568115234375,10.417007446289062,0.0014827251434326172,0.009023427963256836,0.002102375030517578,5.661527395248413,54.30800914764404
0.09,3,2,8.60753059387207,0.0013663768768310547,0.02612590789794922,0.00027561187744140625,1.5927226543426514,0.011410713195800781,0.0004851818084716797,0.017038822174072266,0.00313568115234375,10.417007446289062,0.0014827251434326172,0.009023427963256836,0.002102375030517578,10.256996631622314,54.30800914764404
0.09,3,3,9.067603826522827,0.0012500286102294922,0.02321767807006836,0.0002491474151611328,1.4078359603881836,0.005952596664428711,0.0004749298095703125,0.017796754837036133,0.00313568115234375,10.417007446289062,0.0014827251434326172,0.009023427963256836,0.002102375030517578,10.524414777755737,54.30800914764404
0.09,3,4,8.805190563201904,0.0011682510375976562,0.023467063903808594,0.0002486705780029297,2.152449369430542,0.012730598449707031,0.0003764629364013672,0.053131818771362305,0.00313568115234375,10.417007446289062,0.0014827251434326172,0.009023427963256836,0.002102375030517578,11.048802137374878,54.30800914764404
0.09,3,5,8.26997685432434,0.0005092620849609375,0.015463113784790039,0.00018095970153808594,1.9998035430908203,0.0058269500732421875,0.00039958953857421875,0.016275644302368164,0.00313568115234375,10.417007446289062,0.0014827251434326172,0.009023427963256836,0.002102375030517578,10.308470726013184,54.30800914764404
0.12,4,1,3.041599988937378,0.0005128383636474609,0.015376806259155273,0.0001571178436279297,1.5853374004364014,0.006081581115722656,0.0004982948303222656,0.020490646362304688,0.004278421401977539,13.876237869262695,0.0015070438385009766,0.035474300384521484,0.002193450927734375,4.670085906982422,61.72190546989441
0.12,4,2,7.354353904724121,0.00136566162109375,0.028934717178344727,0.0010721683502197266,1.651628017425537,0.022408246994018555,0.0008609294891357422,0.0570831298828125,0.004278421401977539,13.876237869262695,0.0015070438385009766,0.035474300384521484,0.002193450927734375,9.11774492263794,61.72190546989441
0.12,4,3,7.807540655136108,0.0012233257293701172,0.022682666778564453,0.0002448558807373047,1.0735797882080078,0.01595449447631836,0.00045800209045410156,0.028343677520751953,0.004278421401977539,13.876237869262695,0.0015070438385009766,0.035474300384521484,0.002193450927734375,8.950072765350342,61.72190546989441
0.12,4,4,7.260417461395264,0.0005137920379638672,0.01550912857055664,0.00017833709716796875,1.3661375045776367,0.01242518424987793,0.000881195068359375,0.0328061580657959,0.004278421401977539,13.876237869262695,0.0015070438385009766,0.035474300384521484,0.002193450927734375,8.688904523849487,61.72190546989441
0.12,4,5,7.4684576988220215,0.0014166831970214844,0.024770498275756836,0.00025200843811035156,1.8857433795928955,0.005599260330200195,0.0003955364227294922,0.03732013702392578,0.004278421401977539,13.876237869262695,0.0015070438385009766,0.035474300384521484,0.002193450927734375,9.423993349075317,61.72190546989441
0.15,5,1,3.6611740589141846,0.0014684200286865234,0.024195194244384766,0.0002982616424560547,2.043991804122925,0.0060122013092041016,0.0004019737243652344,0.016067981719970703,0.004171609878540039,12.557685852050781,0.005223751068115234,0.05504250526428223,0.0027892589569091797,5.75365424156189,53.478795289993286
0.15,5,2,10.395937204360962,0.0014252662658691406,0.02387261390686035,0.0002474784851074219,1.6845362186431885,0.03891253471374512,0.0016705989837646484,0.048413991928100586,0.004171609878540039,12.557685852050781,0.005223751068115234,0.05504250526428223,0.0027892589569091797,12.195055484771729,53.478795289993286
0.15,5,3,8.808049201965332,0.0012354850769042969,0.024605989456176758,0.00027680397033691406,1.9810514450073242,0.022719383239746094,0.00044918060302734375,0.04587578773498535,0.004171609878540039,12.557685852050781,0.005223751068115234,0.05504250526428223,0.0027892589569091797,10.884305953979492,53.478795289993286
0.15,5,4,7.9625403881073,0.0005235671997070312,0.016623735427856445,0.00017142295837402344,1.845226764678955,0.006594657897949219,0.0007913112640380859,0.02107858657836914,0.004171609878540039,12.557685852050781,0.005223751068115234,0.05504250526428223,0.0027892589569091797,9.853593111038208,53.478795289993286
0.15,5,5,8.303997039794922,0.0009696483612060547,0.017573833465576172,0.00018286705017089844,1.2616705894470215,0.005956411361694336,0.0006029605865478516,0.0151824951171875,0.004171609878540039,12.557685852050781,0.005223751068115234,0.05504250526428223,0.0027892589569091797,9.606177806854248,53.478795289993286
0.18,6,1,4.579344272613525,0.0013933181762695312,0.024173736572265625,0.0003209114074707031,1.8887333869934082,0.012376070022583008,0.0009980201721191406,0.03281521797180176,0.004472970962524414,11.127476930618286,0.0015571117401123047,0.009728193283081055,0.0025801658630371094,6.5402092933654785,59.44071435928345
0.18,6,2,9.248142719268799,0.0012555122375488281,0.023975849151611328,0.00025200843811035156,1.7957899570465088,0.01988506317138672,0.0004029273986816406,0.03221774101257324,0.004472970962524414,11.127476930618286,0.0015571117401123047,0.009728193283081055,0.0025801658630371094,11.121960401535034,59.44071435928345
0.18,6,3,8.612585067749023,0.0011320114135742188,0.02295994758605957,0.0002911090850830078,1.514296054840088,0.039824485778808594,0.0017731189727783203,0.04761695861816406,0.004472970962524414,11.127476930618286,0.0015571117401123047,0.009728193283081055,0.0025801658630371094,10.240524768829346,59.44071435928345
0.18,6,4,8.489575862884521,0.0011925697326660156,0.024544715881347656,0.0003006458282470703,2.0532076358795166,0.02675008773803711,0.0021483898162841797,0.04180431365966797,0.004472970962524414,11.127476930618286,0.0015571117401123047,0.009728193283081055,0.0025801658630371094,10.639567613601685,59.44071435928345
0.18,6,5,7.500728368759155,0.001196146011352539,0.02299642562866211,0.00024318695068359375,2.1531944274902344,0.019762516021728516,0.0015766620635986328,0.04484868049621582,0.004472970962524414,11.127476930618286,0.0015571117401123047,0.009728193283081055,0.0025801658630371094,9.744588375091553,59.44071435928345
0.21,7,1,5.016016244888306,0.0011763572692871094,0.023494958877563477,0.00022339820861816406,2.093229055404663,0.013864517211914062,0.0004181861877441406,0.05147552490234375,0.0045318603515625,13.275589942932129,0.000598907470703125,0.043169498443603516,0.0023767948150634766,7.199941635131836,61.61540150642395
0.21,7,2,11.036958456039429,0.0014090538024902344,0.028833627700805664,0.0002777576446533203,1.726146936416626,0.03895092010498047,0.0014612674713134766,0.04456329345703125,0.0045318603515625,13.275589942932129,0.000598907470703125,0.043169498443603516,0.0023767948150634766,12.878642559051514,61.61540150642395
0.21,7,3,6.973759412765503,0.0005309581756591797,0.015224456787109375,0.00016307830810546875,1.2748966217041016,0.006003618240356445,0.00035190582275390625,0.015542745590209961,0.0045318603515625,13.275589942932129,0.000598907470703125,0.043169498443603516,0.0023767948150634766,8.286508798599243,61.61540150642395
