# Force                   
# CofR                    : (0.000000000000000000e+00 0.000000000000000000e+00 0.000000000000000000e+00)
#
# Time                    	total_x total_y total_z   	pressure_x pressure_y pressure_z	viscous_x viscous_y viscous_z
0.0299999999999999989      6.408057384844251247e-01 -1.604928487756434111e-02 4.923138640139673727e-02 6.407732378843229437e-01 -1.609375598145744782e-02 4.923198342933810673e-02 3.250060010213317126e-05 4.447110389310523430e-05 -5.970279413709978785e-07
0.0599999999999999978      3.909418356133168793e+00 2.979929279843622145e-02 -1.015114740269368598e-01 3.909416218275365118e+00 2.977468696425263767e-02 -1.015106767687147804e-01 2.137857803843576449e-06 2.460583418358535903e-05 -7.972582220726339644e-07
0.0899999999999999967      1.412875099705280313e+01 1.036771379309833069e-01 -2.140210344546271404e-01 1.412877553701896005e+01 1.036587458278931395e-01 -2.140116236047174547e-01 -2.453996615776519817e-05 1.839210309016488644e-05 -9.410849909695881036e-06
0.119999999999999996       3.380367299758943034e+01 1.338815638665868391e-01 -3.619706738993995199e-01 3.380371167171916369e+01 1.338582256222135558e-01 -3.619530321690920260e-01 -3.867412973037556050e-05 2.333824437329207511e-05 -1.764173030748664747e-05
0.149999999999999994       6.018436545888776834e+01 1.255202949276325863e-01 -8.095882121276847254e-01 6.018440777522013718e+01 1.254968220247651978e-01 -8.095722610277122921e-01 -4.231633237026554605e-05 2.347290286739338549e-05 -1.595109997247893101e-05
0.179999999999999993       8.221551203075111403e+01 1.006980824035540178e-01 -1.311766421076525857e+00 8.221555584180053700e+01 1.006864951817538351e-01 -1.311756280132899466e+00 -4.381104941766239026e-05 1.158722180017599490e-05 -1.014094362649998178e-05
0.209999999999999992       8.829723030048410237e+01 -7.557405324559306192e-03 -1.599877746335088613e+00 8.829727097840032002e+01 -7.565733215402073615e-03 -1.599866700795063990e+00 -4.067791622395419265e-05 8.327890842767563415e-06 -1.104554002465986904e-05
0.239999999999999991       8.370702788584989662e+01 -5.469089237858511948e-02 -1.228832205909833108e+00 8.370706518128582729e+01 -5.469651408077909338e-02 -1.228821283053220581e+00 -3.729543593338503343e-05 5.621702193974485692e-06 -1.092285661261740211e-05
0.270000000000000018       7.567886262921587104e+01 -8.939054420924386068e-02 -8.203671892636038576e-01 7.567889592633396489e+01 -8.939541428794778311e-02 -8.203555587133365412e-01 -3.329711809679111148e-05 4.870078703927445707e-06 -1.163055026730963224e-05
0.300000000000000044       6.762740542229326479e+01 -1.298325003757290486e-01 -5.154784952919101437e-01 6.762743454897521644e+01 -1.298362308574056712e-01 -5.154660557153053491e-01 -2.912668195151727838e-05 3.730481676628152145e-06 -1.243957660475582838e-05
0.330000000000000071       6.038142165132167349e+01 -1.733214363869767793e-01 -2.310426998052223235e-01 6.038144585451081525e+01 -1.733229935224642748e-01 -2.310294781036593137e-01 -2.420318913971713143e-05 1.557135487495699106e-06 -1.322170156301126536e-05
0.360000000000000098       5.438558199360693379e+01 -2.299928110100240009e-01 -6.333781661603300490e-04 5.438560079646088496e+01 -2.299919690025428454e-01 -6.201902439244272704e-04 -1.880285395057504816e-05 -8.420074811616852239e-07 -1.318792223590272436e-05
0.390000000000000124       4.962168992678610380e+01 -2.880654723239460258e-01 1.822592327570483339e-01 4.962170414968750976e+01 -2.880610835304206474e-01 1.822727496107107437e-01 -1.422290140417803386e-05 -4.388793525377788059e-06 -1.351685366239836295e-05
0.420000000000000151       4.591629019405445433e+01 -4.266652403571085106e-01 3.483442957774663951e-01 4.591629940495066364e+01 -4.266590535523671068e-01 3.483574197497694702e-01 -9.210896209388271742e-06 -6.186804741425623830e-06 -1.312397230308003535e-05
0.450000000000000178       4.253813433166369862e+01 -5.162971442388245569e-01 5.547245879116795564e-01 4.253813605441558821e+01 -5.162874456316134397e-01 5.547360472068633142e-01 -1.722751891998199445e-06 -9.698607211089256723e-06 -1.145929518379612427e-05
0.480000000000000204       3.971562483845288938e+01 -8.336467695143799927e-01 7.455098952848491223e-01 3.971562331261333867e+01 -8.336372310785726825e-01 7.455175263193661861e-01 1.525839551960128862e-06 -9.538435807362302245e-06 -7.631034517084488183e-06
0.510000000000000231       3.741604921008435269e+01 -1.698722514217627211e+00 9.886856497352588535e-01 3.741604730355783204e+01 -1.698720347197978819e+00 9.886911488264432668e-01 1.906526519468384694e-06 -2.167019648291160672e-06 -5.499091184451668246e-06
0.540000000000000258       3.557843331187180524e+01 -3.227638532055281839e+00 1.380739892960120008e+00 3.557843116291842023e+01 -3.227644015603531980e+00 1.380746009885978509e+00 2.148953381488551099e-06 5.483548250192019407e-06 -6.116925858594075271e-06
0.570000000000000284       3.404149339795898044e+01 -5.081543633175328090e+00 1.973346193613561672e+00 3.404149051525075009e+01 -5.081551310963737578e+00 1.973356113132631151e+00 2.882708233530041090e-06 7.677788409161657280e-06 -9.919519069435048925e-06
0.600000000000000311       3.216751093038833176e+01 -6.772699961928148937e+00 2.691652992528335009e+00 3.216750797660438366e+01 -6.772705987241144143e+00 2.691665992724912027e+00 2.953783946241048204e-06 6.025312994780031008e-06 -1.300019657718461023e-05
0.630000000000000338       3.007300051575709077e+01 -6.677852612865467385e+00 3.503061878600541856e+00 3.007299838791079338e+01 -6.677854449081027433e+00 3.503074419608420698e+00 2.127846297151710271e-06 1.836215559846063410e-06 -1.254100787873545739e-05
0.660000000000000364       2.782907841046448283e+01 -5.377973088949611125e+00 4.302885679778899686e+00 2.782907657261357670e+01 -5.377972503093387147e+00 4.302896907480826094e+00 1.837850905704883782e-06 -5.858562240433267879e-07 -1.122770192655009674e-05
0.690000000000000391       2.548037483597924080e+01 -4.032487257226712529e+00 4.921788543938944827e+00 2.548037430896560096e+01 -4.032486656795846613e+00 4.921798641487280079e+00 5.270136399678279163e-07 -6.004308661864286185e-07 -1.009754833508151675e-05
0.720000000000000417       2.329251444070282417e+01 -3.013300427247529889e+00 5.188451522427256712e+00 2.329251415144990034e+01 -3.013300982321179600e+00 5.188460168807292661e+00 2.892529250921129755e-07 5.550736497264849207e-07 -8.646380035876484731e-06
0.750000000000000444       2.142340440186829298e+01 -2.267370266014434588e+00 5.088500601116172639e+00 2.142340472331831691e+01 -2.267371158919744278e+00 5.088507757611217208e+00 -3.214500241742403857e-07 8.929053094696442434e-07 -7.156495044162019007e-06
0.780000000000000471       1.976780492534892630e+01 -1.717442035780664122e+00 4.689309730648623997e+00 1.976780563401056767e+01 -1.717442796940731320e+00 4.689315535005121660e+00 -7.086616399220321666e-07 7.611600671284691688e-07 -5.804356497286659582e-06
0.810000000000000497       1.815976049952881510e+01 -1.306880212465540758e+00 4.142384617571472916e+00 1.815976121282136191e+01 -1.306880756077137606e+00 4.142389222766646562e+00 -7.132925457098940488e-07 5.436115969334412146e-07 -4.605195174066184654e-06
0.840000000000000524       1.660904438635461489e+01 -1.000150761895231444e+00 3.639791792734970333e+00 1.660904510472367690e+01 -1.000151056381593850e+00 3.639795670740758382e+00 -7.183690611845300202e-07 2.944863623436592367e-07 -3.878005787903426600e-06
0.870000000000000551       1.500681078034916638e+01 -7.739573577862964848e-01 3.249986027234515351e+00 1.500681152539315732e+01 -7.739574221512817154e-01 3.249989513505746164e+00 -7.450439903504101992e-07 6.436498518243830334e-08 -3.486271230683265067e-06
0.900000000000000577       1.352836265439667507e+01 -6.034179327035757989e-01 2.967115644627808191e+00 1.352836336267588280e+01 -6.034174717095232010e-01 2.967118902460456731e+00 -7.082792074887621730e-07 -4.609940525848914258e-07 -3.257832648389442264e-06
0.930000000000000604       1.221224105966261142e+01 -4.759865669745119154e-01 2.716490729172198915e+00 1.221224169572458429e+01 -4.759854778963583111e-01 2.716493797402309340e+00 -6.360619724624070907e-07 -1.089078153594615573e-06 -3.068230110216095755e-06
0.960000000000000631       1.105271214838554883e+01 -3.827937000219471253e-01 2.510237253393027945e+00 1.105271270969785569e+01 -3.827919641205783652e-01 2.510240114492552799e+00 -5.613123067945865619e-07 -1.735901368746514766e-06 -2.861099524720593782e-06
0.990000000000000657       1.008838867473291678e+01 -3.063083402888828743e-01 2.347354404561845520e+00 1.008838899252318910e+01 -3.063057573741297945e-01 2.347357123803923251e+00 -3.177902717180005199e-07 -2.582914753066619057e-06 -2.719242077788473119e-06
