# Moment                  
# CofR                    : (0.000000000000000000e+00 0.000000000000000000e+00 0.000000000000000000e+00)
#
# Time                    	total_x total_y total_z   	pressure_x pressure_y pressure_z	viscous_x viscous_y viscous_z
0.0299999999999999989      7.317606992927432052e-03 -1.445087317927442327e-01 -7.301321959420492558e-02 7.315446511945895153e-03 -1.445058586378243359e-01 -7.302540063046868146e-02 2.160480981537216928e-06 -2.873154919901407723e-06 1.218103626375241330e-05
0.0599999999999999978      -4.302975481008245937e-03 -2.663930536782358471e-01 -1.708393322718477214e-01 -4.304223481673857300e-03 -2.663920059396105988e-01 -1.708472221477399799e-01 1.248000665611053521e-06 -1.047738625252057496e-06 7.889875892263768442e-06
0.0899999999999999967      -4.759782818789709373e-03 -1.131132383781178641e+00 -7.020772355228624972e-01 -4.759630365628111058e-03 -1.131140832539680563e+00 -7.020861585408950667e-01 -1.524531615980214838e-07 8.448758502002193740e-06 8.923018032523973025e-06
0.119999999999999996       -5.462038979376128596e-03 -2.889769576932837758e+00 -1.891981038945222293e+00 -5.462126987088578717e-03 -2.889784573693693126e+00 -1.891998076843278920e+00 8.800771244990601390e-08 1.499676085557563948e-05 1.703789805657382131e-05
0.149999999999999994       -1.807713418599172020e-02 -5.182329363084442697e+00 -3.668352459701038182e+00 -1.807796862817472386e-02 -5.182344698232431490e+00 -3.668373877368163338e+00 8.344421830028592960e-07 1.533514798903732647e-05 2.141766712500293328e-05
0.179999999999999993       -4.201284169725257034e-02 -7.042049915137466698e+00 -5.525731152685302128e+00 -4.201265723547928377e-02 -7.042063228092700022e+00 -5.525745706465333029e+00 -1.844617732877423048e-07 1.331295523358281286e-05 1.455378003110122508e-05
0.209999999999999992       -6.399742209613144828e-02 -7.620363072874519084e+00 -6.497704665550518399e+00 -6.399646056495121582e-02 -7.620376723989752854e+00 -6.497717083774365854e+00 -9.615311802319742137e-07 1.365111523342956782e-05 1.241822384721333855e-05
0.239999999999999991       -6.288167451417650544e-02 -7.292441914326166952e+00 -6.405863998082265809e+00 -6.288066073168442627e-02 -7.292454846363766841e+00 -6.405875461111437907e+00 -1.013782492072545993e-06 1.293203759996882245e-05 1.146302917196058981e-05
0.270000000000000018       -5.465700618655547349e-02 -6.749131343499986890e+00 -5.868691249611173610e+00 -5.465590619994290661e-02 -6.749143936092453444e+00 -5.868701807183751562e+00 -1.099986612567756639e-06 1.259259246696551668e-05 1.055757257779755382e-05
0.300000000000000044       -4.776954183404654580e-02 -6.190836058003285736e+00 -5.262151516239277349e+00 -4.776798171642946539e-02 -6.190847956779424344e+00 -5.262159970375119400e+00 -1.560117617082250031e-06 1.189877613851137407e-05 8.454135841990812527e-06
0.330000000000000071       -4.168649446637216066e-02 -5.682749927352831243e+00 -4.688448220455912363e+00 -4.168451524872437974e-02 -5.682761216577134178e+00 -4.688454446245033047e+00 -1.979217647779866409e-06 1.128922430281880781e-05 6.225789120512127227e-06
