(
(0.000000  ((0.00000000 0.000000 -0.000000) (0.00000000 0.000000 0.000000)))
(0.010000  ((0.00000000 0.000000 -0.000006) (0.00019591 0.000000 0.000000)))
(0.020000  ((0.00000000 0.000000 -0.000012) (0.00040447 0.000000 0.000000)))
(0.030000  ((0.00000000 0.000000 -0.000018) (0.00062649 0.000000 0.000000)))
(0.040000  ((0.00000000 0.000000 -0.000025) (0.00086285 0.000000 0.000000)))
(0.050000  ((0.00000000 0.000000 -0.000033) (0.00111446 0.000000 0.000000)))
(0.060000  ((0.00000000 0.000000 -0.000040) (0.00138229 0.000000 0.000000)))
(0.070000  ((0.00000000 0.000000 -0.000049) (0.00166740 0.000000 0.000000)))
(0.080000  ((0.00000000 0.000000 -0.000058) (0.00197089 0.000000 0.000000)))
(0.090000  ((0.00000000 0.000000 -0.000067) (0.00229393 0.000000 0.000000)))
(0.100000  ((0.00000000 0.000000 -0.000077) (0.00263779 0.000000 0.000000)))
(0.110000  ((0.00000000 0.000000 -0.000088) (0.00300377 0.000000 0.000000)))
(0.120000  ((0.00000000 0.000000 -0.000099) (0.00339331 0.000000 0.000000)))
(0.130000  ((0.00000000 0.000000 -0.000111) (0.00380791 0.000000 0.000000)))
(0.140000  ((0.00000000 0.000000 -0.000124) (0.00424915 0.000000 0.000000)))
(0.150000  ((0.00000000 0.000000 -0.000138) (0.00471875 0.000000 0.000000)))
(0.160000  ((0.00000000 0.000000 -0.000152) (0.00521849 0.000000 0.000000)))
(0.170000  ((0.00000000 0.000000 -0.000168) (0.00575031 0.000000 0.000000)))
(0.180000  ((0.00000000 0.000000 -0.000184) (0.00631622 0.000000 0.000000)))
(0.190000  ((0.00000000 0.000000 -0.000202) (0.00691840 0.000000 0.000000)))
(0.200000  ((0.00000000 0.000000 -0.000221) (0.00755914 0.000000 0.000000)))
(0.210000  ((0.00000000 0.000000 -0.000241) (0.00824087 0.000000 0.000000)))
(0.220000  ((0.00000000 0.000000 -0.000262) (0.00896617 0.000000 0.000000)))
(0.230000  ((0.00000000 0.000000 -0.000284) (0.00973779 0.000000 0.000000)))
(0.240000  ((0.00000000 0.000000 -0.000308) (0.01055864 0.000000 0.000000)))
(0.250000  ((0.00000000 0.000000 -0.000334) (0.01143179 0.000000 0.000000)))
(0.260000  ((0.00000000 0.000000 -0.000361) (0.01236053 0.000000 0.000000)))
(0.270000  ((0.00000000 0.000000 -0.000390) (0.01334832 0.000000 0.000000)))
(0.280000  ((0.00000000 0.000000 -0.000421) (0.01439883 0.000000 0.000000)))
(0.290000  ((0.00000000 0.000000 -0.000453) (0.01551596 0.000000 0.000000)))
(0.300000  ((0.00000000 0.000000 -0.000488) (0.01670382 0.000000 0.000000)))
(0.310000  ((0.00000000 0.000000 -0.000525) (0.01796678 0.000000 0.000000)))
(0.320000  ((0.00000000 0.000000 -0.000564) (0.01930946 0.000000 0.000000)))
(0.330000  ((0.00000000 0.000000 -0.000606) (0.02073674 0.000000 0.000000)))
(0.340000  ((0.00000000 0.000000 -0.000650) (0.02225378 0.000000 0.000000)))
(0.350000  ((0.00000000 0.000000 -0.000697) (0.02386604 0.000000 0.000000)))
(0.360000  ((0.00000000 0.000000 -0.000747) (0.02557927 0.000000 0.000000)))
(0.370000  ((0.00000000 0.000000 -0.000800) (0.02739957 0.000000 0.000000)))
(0.380000  ((0.00000000 0.000000 -0.000857) (0.02933335 0.000000 0.000000)))
(0.390000  ((0.00000000 0.000000 -0.000917) (0.03138738 0.000000 0.000000)))
(0.400000  ((0.00000000 0.000000 -0.000981) (0.03356879 0.000000 0.000000)))
(0.410000  ((0.00000000 0.000000 -0.001048) (0.03588508 0.000000 0.000000)))
(0.420000  ((0.00000000 0.000000 -0.001120) (0.03834417 0.000000 0.000000)))
(0.430000  ((0.00000000 0.000000 -0.001196) (0.04095434 0.000000 0.000000)))
(0.440000  ((0.00000000 0.000000 -0.001277) (0.04372433 0.000000 0.000000)))
(0.450000  ((0.00000000 0.000000 -0.001363) (0.04666328 0.000000 0.000000)))
(0.460000  ((0.00000000 0.000000 -0.001454) (0.04978081 0.000000 0.000000)))
(0.470000  ((0.00000000 0.000000 -0.001551) (0.05308695 0.000000 0.000000)))
(0.480000  ((0.00000000 0.000000 -0.001653) (0.05659223 0.000000 0.000000)))
(0.490000  ((0.00000000 0.000000 -0.001762) (0.06030762 0.000000 0.000000)))
(0.500000  ((0.00000000 0.000000 -0.001877) (0.06424460 0.000000 0.000000)))
(0.510000  ((0.00000000 0.000000 -0.001998) (0.06841510 0.000000 0.000000)))
(0.520000  ((0.00000000 0.000000 -0.002127) (0.07283155 0.000000 0.000000)))
(0.530000  ((0.00000000 0.000000 -0.002264) (0.07750686 0.000000 0.000000)))
(0.540000  ((0.00000000 0.000000 -0.002408) (0.08245440 0.000000 0.000000)))
(0.550000  ((0.00000000 0.000000 -0.002561) (0.08768803 0.000000 0.000000)))
(0.560000  ((0.00000000 0.000000 -0.002723) (0.09322204 0.000000 0.000000)))
(0.570000  ((0.00000000 0.000000 -0.002894) (0.09907117 0.000000 0.000000)))
(0.580000  ((0.00000000 0.000000 -0.003074) (0.10525056 0.000000 0.000000)))
(0.590000  ((0.00000000 0.000000 -0.003265) (0.11177574 0.000000 0.000000)))
(0.600000  ((0.00000000 0.000000 -0.003466) (0.11866257 0.000000 0.000000)))
(0.610000  ((0.00000000 0.000000 -0.003678) (0.12592723 0.000000 0.000000)))
(0.620000  ((0.00000000 0.000000 -0.003902) (0.13358614 0.000000 0.000000)))
(0.630000  ((0.00000000 0.000000 -0.004138) (0.14165590 0.000000 0.000000)))
(0.640000  ((0.00000000 0.000000 -0.004386) (0.15015324 0.000000 0.000000)))
(0.650000  ((0.00000000 0.000000 -0.004647) (0.15909495 0.000000 0.000000)))
(0.660000  ((0.00000000 0.000000 -0.004922) (0.16849774 0.000000 0.000000)))
(0.670000  ((0.00000000 0.000000 -0.005210) (0.17837819 0.000000 0.000000)))
(0.680000  ((0.00000000 0.000000 -0.005513) (0.18875263 0.000000 0.000000)))
(0.690000  ((0.00000000 0.000000 -0.005831) (0.19963702 0.000000 0.000000)))
(0.700000  ((0.00000000 0.000000 -0.006165) (0.21104681 0.000000 0.000000)))
(0.710000  ((0.00000000 0.000000 -0.006514) (0.22299678 0.000000 0.000000)))
(0.720000  ((0.00000000 0.000000 -0.006879) (0.23550096 0.000000 0.000000)))
(0.730000  ((0.00000000 0.000000 -0.007261) (0.24857238 0.000000 0.000000)))
(0.740000  ((0.00000000 0.000000 -0.007660) (0.26222296 0.000000 0.000000)))
(0.750000  ((0.00000000 0.000000 -0.008075) (0.27646329 0.000000 0.000000)))
(0.760000  ((0.00000000 0.000000 -0.008509) (0.29130250 0.000000 0.000000)))
(0.770000  ((0.00000000 0.000000 -0.008960) (0.30674802 0.000000 0.000000)))
(0.780000  ((0.00000000 0.000000 -0.009429) (0.32280542 0.000000 0.000000)))
(0.790000  ((0.00000000 0.000000 -0.009916) (0.33947819 0.000000 0.000000)))
(0.800000  ((0.00000000 0.000000 -0.010421) (0.35676760 0.000000 0.000000)))
(0.810000  ((0.00000000 0.000000 -0.010944) (0.37467247 0.000000 0.000000)))
(0.820000  ((0.00000000 0.000000 -0.011485) (0.39318904 0.000000 0.000000)))
(0.830000  ((0.00000000 0.000000 -0.012044) (0.41231078 0.000000 0.000000)))
(0.840000  ((0.00000000 0.000000 -0.012620) (0.43202827 0.000000 0.000000)))
(0.850000  ((0.00000000 0.000000 -0.013213) (0.45232906 0.000000 0.000000)))
(0.860000  ((0.00000000 0.000000 -0.013822) (0.47319760 0.000000 0.000000)))
(0.870000  ((0.00000000 0.000000 -0.014448) (0.49461513 0.000000 0.000000)))
(0.880000  ((0.00000000 0.000000 -0.015089) (0.51655972 0.000000 0.000000)))
(0.890000  ((0.00000000 0.000000 -0.015745) (0.53900616 0.000000 0.000000)))
(0.900000  ((0.00000000 0.000000 -0.016414) (0.56192608 0.000000 0.000000)))
(0.910000  ((0.00000000 0.000000 -0.017097) (0.58528800 0.000000 0.000000)))
(0.920000  ((0.00000000 0.000000 -0.017791) (0.60905744 0.000000 0.000000)))
(0.930000  ((0.00000000 0.000000 -0.018496) (0.63319704 0.000000 0.000000)))
(0.940000  ((0.00000000 0.000000 -0.019211) (0.65766682 0.000000 0.000000)))
(0.950000  ((0.00000000 0.000000 -0.019934) (0.68242438 0.000000 0.000000)))
(0.960000  ((0.00000000 0.000000 -0.020665) (0.70742514 0.000000 0.000000)))
(0.970000  ((0.00000000 0.000000 -0.021401) (0.73262271 0.000000 0.000000)))
(0.980000  ((0.00000000 0.000000 -0.022141) (0.75796915 0.000000 0.000000)))
(0.990000  ((0.00000000 0.000000 -0.022885) (0.78341540 0.000000 0.000000)))
(1.000000  ((0.00000000 0.000000 -0.023630) (0.80891158 0.000000 0.000000)))
(1.010000  ((0.00000000 0.000000 -0.024375) (0.83440744 0.000000 0.000000)))
(1.020000  ((0.00000000 0.000000 -0.025118) (0.85985272 0.000000 0.000000)))
(1.030000  ((0.00000000 0.000000 -0.025858) (0.88519758 0.000000 0.000000)))
(1.040000  ((0.00000000 0.000000 -0.026595) (0.91039294 0.000000 0.000000)))
(1.050000  ((0.00000000 0.000000 -0.027325) (0.93539090 0.000000 0.000000)))
(1.060000  ((0.00000000 0.000000 -0.028048) (0.96014506 0.000000 0.000000)))
(1.070000  ((0.00000000 0.000000 -0.028763) (0.98461090 0.000000 0.000000)))
(1.080000  ((0.00000000 0.000000 -0.029468) (1.00874604 0.000000 0.000000)))
(1.090000  ((0.00000000 0.000000 -0.030163) (1.03251051 0.000000 0.000000)))
(1.100000  ((0.00000000 0.000000 -0.030845) (1.05586701 0.000000 0.000000)))
(1.110000  ((0.00000000 0.000000 -0.031515) (1.07878110 0.000000 0.000000)))
(1.120000  ((0.00000000 0.000000 -0.032170) (1.10122132 0.000000 0.000000)))
(1.130000  ((0.00000000 0.000000 -0.032811) (1.12315934 0.000000 0.000000)))
(1.140000  ((0.00000000 0.000000 -0.033437) (1.14457002 0.000000 0.000000)))
(1.150000  ((0.00000000 0.000000 -0.034047) (1.16543144 0.000000 0.000000)))
(1.160000  ((0.00000000 0.000000 -0.034640) (1.18572490 0.000000 0.000000)))
(1.170000  ((0.00000000 0.000000 -0.035216) (1.20543487 0.000000 0.000000)))
(1.180000  ((0.00000000 0.000000 -0.035774) (1.22454896 0.000000 0.000000)))
(1.190000  ((0.00000000 0.000000 -0.036315) (1.24305777 0.000000 0.000000)))
(1.200000  ((0.00000000 0.000000 -0.036838) (1.26095483 0.000000 0.000000)))
(1.210000  ((0.00000000 0.000000 -0.037343) (1.27823639 0.000000 0.000000)))
(1.220000  ((0.00000000 0.000000 -0.037830) (1.29490131 0.000000 0.000000)))
(1.230000  ((0.00000000 0.000000 -0.038299) (1.31095089 0.000000 0.000000)))
(1.240000  ((0.00000000 0.000000 -0.038750) (1.32638865 0.000000 0.000000)))
(1.250000  ((0.00000000 0.000000 -0.039184) (1.34122018 0.000000 0.000000)))
(1.260000  ((0.00000000 0.000000 -0.039600) (1.35545295 0.000000 0.000000)))
(1.270000  ((0.00000000 0.000000 -0.039999) (1.36909608 0.000000 0.000000)))
(1.280000  ((0.00000000 0.000000 -0.040380) (1.38216020 0.000000 0.000000)))
(1.290000  ((0.00000000 0.000000 -0.040746) (1.39465723 0.000000 0.000000)))
(1.300000  ((0.00000000 0.000000 -0.041095) (1.40660024 0.000000 0.000000)))
(1.310000  ((0.00000000 0.000000 -0.041428) (1.41800324 0.000000 0.000000)))
(1.320000  ((0.00000000 0.000000 -0.041746) (1.42888104 0.000000 0.000000)))
(1.330000  ((0.00000000 0.000000 -0.042049) (1.43924909 0.000000 0.000000)))
(1.340000  ((0.00000000 0.000000 -0.042338) (1.44912336 0.000000 0.000000)))
(1.350000  ((0.00000000 0.000000 -0.042612) (1.45852017 0.000000 0.000000)))
(1.360000  ((0.00000000 0.000000 -0.042873) (1.46745611 0.000000 0.000000)))
(1.370000  ((0.00000000 0.000000 -0.043122) (1.47594791 0.000000 0.000000)))
(1.380000  ((0.00000000 0.000000 -0.043357) (1.48401233 0.000000 0.000000)))
(1.390000  ((0.00000000 0.000000 -0.043581) (1.49166612 0.000000 0.000000)))
(1.400000  ((0.00000000 0.000000 -0.043793) (1.49892586 0.000000 0.000000)))
(1.410000  ((0.00000000 0.000000 -0.043994) (1.50580799 0.000000 0.000000)))
(1.420000  ((0.00000000 0.000000 -0.044185) (1.51232866 0.000000 0.000000)))
(1.430000  ((0.00000000 0.000000 -0.044366) (1.51850375 0.000000 0.000000)))
(1.440000  ((0.00000000 0.000000 -0.044536) (1.52434877 0.000000 0.000000)))
(1.450000  ((0.00000000 0.000000 -0.044698) (1.52987887 0.000000 0.000000)))
(1.460000  ((0.00000000 0.000000 -0.044851) (1.53510876 0.000000 0.000000)))
(1.470000  ((0.00000000 0.000000 -0.044995) (1.54005275 0.000000 0.000000)))
(1.480000  ((0.00000000 0.000000 -0.045132) (1.54472468 0.000000 0.000000)))
(1.490000  ((0.00000000 0.000000 -0.045261) (1.54913792 0.000000 0.000000)))
(1.500000  ((0.00000000 0.000000 -0.045383) (1.55330537 0.000000 0.000000)))
(1.510000  ((0.00000000 0.000000 -0.045498) (1.55723945 0.000000 0.000000)))
(1.520000  ((0.00000000 0.000000 -0.045606) (1.56095210 0.000000 0.000000)))
(1.530000  ((0.00000000 0.000000 -0.045709) (1.56445478 0.000000 0.000000)))
(1.540000  ((0.00000000 0.000000 -0.045805) (1.56775845 0.000000 0.000000)))
(1.550000  ((0.00000000 0.000000 -0.045896) (1.57087364 0.000000 0.000000)))
(1.560000  ((0.00000000 0.000000 -0.045982) (1.57381039 0.000000 0.000000)))
(1.570000  ((0.00000000 0.000000 -0.046063) (1.57657828 0.000000 0.000000)))
(1.580000  ((0.00000000 0.000000 -0.046139) (1.57918648 0.000000 0.000000)))
(1.590000  ((0.00000000 0.000000 -0.046211) (1.58164369 0.000000 0.000000)))
(1.600000  ((0.00000000 0.000000 -0.046279) (1.58395822 0.000000 0.000000)))
(1.610000  ((0.00000000 0.000000 -0.046343) (1.58613796 0.000000 0.000000)))
(1.620000  ((0.00000000 0.000000 -0.046403) (1.58819041 0.000000 0.000000)))
(1.630000  ((0.00000000 0.000000 -0.046459) (1.59012271 0.000000 0.000000)))
(1.640000  ((0.00000000 0.000000 -0.046512) (1.59194160 0.000000 0.000000)))
(1.650000  ((0.00000000 0.000000 -0.046562) (1.59365352 0.000000 0.000000)))
(1.660000  ((0.00000000 0.000000 -0.046609) (1.59526452 0.000000 0.000000)))
(1.670000  ((0.00000000 0.000000 -0.046654) (1.59678039 0.000000 0.000000)))
(1.680000  ((0.00000000 0.000000 -0.046695) (1.59820655 0.000000 0.000000)))
(1.690000  ((0.00000000 0.000000 -0.046735) (1.59954819 0.000000 0.000000)))
(1.700000  ((0.00000000 0.000000 -0.046771) (1.60081017 0.000000 0.000000)))
(1.710000  ((0.00000000 0.000000 -0.046806) (1.60199710 0.000000 0.000000)))
(1.720000  ((0.00000000 0.000000 -0.046839) (1.60311335 0.000000 0.000000)))
(1.730000  ((0.00000000 0.000000 -0.046869) (1.60416304 0.000000 0.000000)))
(1.740000  ((0.00000000 0.000000 -0.046898) (1.60515006 0.000000 0.000000)))
(1.750000  ((0.00000000 0.000000 -0.046925) (1.60607807 0.000000 0.000000)))
(1.760000  ((0.00000000 0.000000 -0.046951) (1.60695054 0.000000 0.000000)))
(1.770000  ((0.00000000 0.000000 -0.046975) (1.60777074 0.000000 0.000000)))
(1.780000  ((0.00000000 0.000000 -0.046997) (1.60854175 0.000000 0.000000)))
(1.790000  ((0.00000000 0.000000 -0.047019) (1.60926648 0.000000 0.000000)))
(1.800000  ((0.00000000 0.000000 -0.047039) (1.60994767 0.000000 0.000000)))
(1.810000  ((0.00000000 0.000000 -0.047057) (1.61058790 0.000000 0.000000)))
(1.820000  ((0.00000000 0.000000 -0.047075) (1.61118960 0.000000 0.000000)))
(1.830000  ((0.00000000 0.000000 -0.047091) (1.61175507 0.000000 0.000000)))
(1.840000  ((0.00000000 0.000000 -0.047107) (1.61228647 0.000000 0.000000)))
(1.850000  ((0.00000000 0.000000 -0.047122) (1.61278582 0.000000 0.000000)))
(1.860000  ((0.00000000 0.000000 -0.047135) (1.61325504 0.000000 0.000000)))
(1.870000  ((0.00000000 0.000000 -0.047148) (1.61369594 0.000000 0.000000)))
(1.880000  ((0.00000000 0.000000 -0.047160) (1.61411020 0.000000 0.000000)))
(1.890000  ((0.00000000 0.000000 -0.047172) (1.61449943 0.000000 0.000000)))
(1.900000  ((0.00000000 0.000000 -0.047182) (1.61486513 0.000000 0.000000)))
(1.910000  ((0.00000000 0.000000 -0.047192) (1.61520871 0.000000 0.000000)))
(1.920000  ((0.00000000 0.000000 -0.047202) (1.61553149 0.000000 0.000000)))
(1.930000  ((0.00000000 0.000000 -0.047211) (1.61583474 0.000000 0.000000)))
(1.940000  ((0.00000000 0.000000 -0.047219) (1.61611962 0.000000 0.000000)))
(1.950000  ((0.00000000 0.000000 -0.047227) (1.61638725 0.000000 0.000000)))
(1.960000  ((0.00000000 0.000000 -0.047234) (1.61663865 0.000000 0.000000)))
(1.970000  ((0.00000000 0.000000 -0.047241) (1.61687482 0.000000 0.000000)))
(1.980000  ((0.00000000 0.000000 -0.047248) (1.61709667 0.000000 0.000000)))
(1.990000  ((0.00000000 0.000000 -0.047254) (1.61730506 0.000000 0.000000)))
(2.000000  ((0.00000000 0.000000 -0.047259) (1.61750082 0.000000 0.000000)))
(2.010000  ((0.00000000 0.000000 -0.047259) (1.61750082 0.000000 0.000000)))
(2.020000  ((0.00000000 0.000000 -0.045557) (1.55926821 0.000000 0.000000)))
(2.030000  ((0.00000000 0.000000 -0.040528) (1.38720315 0.000000 0.000000)))
(2.040000  ((0.00000000 0.000000 -0.032389) (1.10870201 0.000000 0.000000)))
(2.050000  ((0.00000000 0.000000 -0.021713) (0.74332153 0.000000 0.000000)))
(2.060000  ((0.00000000 0.000000 -0.009385) (0.32130091 0.000000 0.000000)))
(2.070000  ((0.00000000 0.000000 0.003486) (-0.11934667 0.000000 0.000000)))
(2.080000  ((0.00000000 0.000000 0.015682) (-0.53687393 0.000000 0.000000)))
(2.090000  ((0.00000000 0.000000 0.026013) (-0.89048460 0.000000 0.000000)))
(2.100000  ((0.00000000 0.000000 0.033451) (-1.14506240 0.000000 0.000000)))
(2.110000  ((0.00000000 0.000000 0.037258) (-1.27533135 0.000000 0.000000)))
(2.120000  ((0.00000000 0.000000 0.037071) (-1.26892347 0.000000 0.000000)))
(2.130000  ((0.00000000 0.000000 0.032952) (-1.12798121 0.000000 0.000000)))
(2.140000  ((0.00000000 0.000000 0.025388) (-0.86909891 0.000000 0.000000)))
(2.150000  ((0.00000000 0.000000 0.015236) (-0.52158823 0.000000 0.000000)))
(2.160000  ((0.00000000 0.000000 0.003629) (-0.12423949 0.000000 0.000000)))
(2.170000  ((0.00000000 0.000000 -0.008151) (0.27905985 0.000000 0.000000)))
(2.180000  ((0.00000000 0.000000 -0.018821) (0.64432132 0.000000 0.000000)))
(2.190000  ((0.00000000 0.000000 -0.027239) (0.93243911 0.000000 0.000000)))
(2.200000  ((0.00000000 0.000000 -0.032530) (1.11353830 0.000000 0.000000)))
(2.210000  ((0.00000000 0.000000 -0.034185) (1.17017293 0.000000 0.000000)))
(2.220000  ((0.00000000 0.000000 -0.032106) (1.09903392 0.000000 0.000000)))
(2.230000  ((0.00000000 0.000000 -0.026613) (0.91102022 0.000000 0.000000)))
(2.240000  ((0.00000000 0.000000 -0.018394) (0.62970903 0.000000 0.000000)))
(2.250000  ((0.00000000 0.000000 -0.008425) (0.28842668 0.000000 0.000000)))
(2.260000  ((0.00000000 0.000000 0.002154) (-0.07372660 0.000000 0.000000)))
(2.270000  ((0.00000000 0.000000 0.012164) (-0.41641918 0.000000 0.000000)))
(2.280000  ((0.00000000 0.000000 0.020525) (-0.70264641 0.000000 0.000000)))
(2.290000  ((0.00000000 0.000000 0.026372) (-0.90276198 0.000000 0.000000)))
(2.300000  ((0.00000000 0.000000 0.029141) (-0.99753126 0.000000 0.000000)))
(2.310000  ((0.00000000 0.000000 0.028626) (-0.97990545 0.000000 0.000000)))
(2.320000  ((0.00000000 0.000000 0.024987) (-0.85538430 0.000000 0.000000)))
(2.330000  ((0.00000000 0.000000 0.018724) (-0.64099337 0.000000 0.000000)))
(2.340000  ((0.00000000 0.000000 0.010604) (-0.36303919 0.000000 0.000000)))
(2.350000  ((0.00000000 0.000000 0.001575) (-0.05392334 0.000000 0.000000)))
(2.360000  ((0.00000000 0.000000 -0.007349) (0.25160866 0.000000 0.000000)))
(2.370000  ((0.00000000 0.000000 -0.015200) (0.52034960 0.000000 0.000000)))
(2.380000  ((0.00000000 0.000000 -0.021155) (0.72420467 0.000000 0.000000)))
(2.390000  ((0.00000000 0.000000 -0.024628) (0.84307315 0.000000 0.000000)))
(2.400000  ((0.00000000 0.000000 -0.025320) (0.86675540 0.000000 0.000000)))
(2.410000  ((0.00000000 0.000000 -0.023245) (0.79572835 0.000000 0.000000)))
(2.420000  ((0.00000000 0.000000 -0.018717) (0.64075780 0.000000 0.000000)))
(2.430000  ((0.00000000 0.000000 -0.012310) (0.42142971 0.000000 0.000000)))
(2.440000  ((0.00000000 0.000000 -0.004784) (0.16378263 0.000000 0.000000)))
(2.450000  ((0.00000000 0.000000 0.003000) (-0.10269076 0.000000 0.000000)))
(2.460000  ((0.00000000 0.000000 0.010175) (-0.34834087 0.000000 0.000000)))
(2.470000  ((0.00000000 0.000000 0.015966) (-0.54659485 0.000000 0.000000)))
(2.480000  ((0.00000000 0.000000 0.019769) (-0.67677743 0.000000 0.000000)))
(2.490000  ((0.00000000 0.000000 0.021214) (-0.72622586 0.000000 0.000000)))
(2.500000  ((0.00000000 0.000000 0.020199) (-0.69149202 0.000000 0.000000)))
(2.510000  ((0.00000000 0.000000 0.016899) (-0.57852652 0.000000 0.000000)))
(2.520000  ((0.00000000 0.000000 0.011738) (-0.40184300 0.000000 0.000000)))
(2.530000  ((0.00000000 0.000000 0.005338) (-0.18276196 0.000000 0.000000)))
(2.540000  ((0.00000000 0.000000 -0.001550) (0.05307247 0.000000 0.000000)))
(2.550000  ((0.00000000 0.000000 -0.008139) (0.27862834 0.000000 0.000000)))
(2.560000  ((0.00000000 0.000000 -0.013686) (0.46854497 0.000000 0.000000)))
(2.570000  ((0.00000000 0.000000 -0.017584) (0.60196868 0.000000 0.000000)))
(2.580000  ((0.00000000 0.000000 -0.019421) (0.66484616 0.000000 0.000000)))
(2.590000  ((0.00000000 0.000000 -0.019029) (0.65142202 0.000000 0.000000)))
(2.600000  ((0.00000000 0.000000 -0.016498) (0.56478002 0.000000 0.000000)))
(2.610000  ((0.00000000 0.000000 -0.012162) (0.41637401 0.000000 0.000000)))
(2.620000  ((0.00000000 0.000000 -0.006561) (0.22460453 0.000000 0.000000)))
(2.630000  ((0.00000000 0.000000 -0.000368) (0.01260414 0.000000 0.000000)))
(2.640000  ((0.00000000 0.000000 0.005682) (-0.19451172 0.000000 0.000000)))
(2.650000  ((0.00000000 0.000000 0.010884) (-0.37260328 0.000000 0.000000)))
(2.660000  ((0.00000000 0.000000 0.014644) (-0.50132121 0.000000 0.000000)))
(2.670000  ((0.00000000 0.000000 0.016546) (-0.56644234 0.000000 0.000000)))
(2.680000  ((0.00000000 0.000000 0.016400) (-0.56145367 0.000000 0.000000)))
(2.690000  ((0.00000000 0.000000 0.014261) (-0.48820636 0.000000 0.000000)))
(2.700000  ((0.00000000 0.000000 0.010416) (-0.35657303 0.000000 0.000000)))
(2.710000  ((0.00000000 0.000000 0.005350) (-0.18315864 0.000000 0.000000)))
(2.720000  ((0.00000000 0.000000 -0.000315) (0.01077395 0.000000 0.000000)))
(2.730000  ((0.00000000 0.000000 -0.005898) (0.20190805 0.000000 0.000000)))
(2.740000  ((0.00000000 0.000000 -0.010740) (0.36768540 0.000000 0.000000)))
(2.750000  ((0.00000000 0.000000 -0.014283) (0.48898103 0.000000 0.000000)))
(2.760000  ((0.00000000 0.000000 -0.016134) (0.55231698 0.000000 0.000000)))
(2.770000  ((0.00000000 0.000000 -0.016105) (0.55135637 0.000000 0.000000)))
(2.780000  ((0.00000000 0.000000 -0.014241) (0.48751384 0.000000 0.000000)))
(2.790000  ((0.00000000 0.000000 -0.010797) (0.36962916 0.000000 0.000000)))
(2.800000  ((0.00000000 0.000000 -0.006215) (0.21276250 0.000000 0.000000)))
(2.810000  ((0.00000000 0.000000 -0.001060) (0.03627267 0.000000 0.000000)))
(2.820000  ((0.00000000 0.000000 0.004048) (-0.13857674 0.000000 0.000000)))
(2.830000  ((0.00000000 0.000000 0.008506) (-0.29118462 0.000000 0.000000)))
(2.840000  ((0.00000000 0.000000 0.011802) (-0.40403869 0.000000 0.000000)))
(2.850000  ((0.00000000 0.000000 0.013574) (-0.46471287 0.000000 0.000000)))
(2.860000  ((0.00000000 0.000000 0.013647) (-0.46720952 0.000000 0.000000)))
(2.870000  ((0.00000000 0.000000 0.012049) (-0.41250818 0.000000 0.000000)))
(2.880000  ((0.00000000 0.000000 0.009005) (-0.30828043 0.000000 0.000000)))
(2.890000  ((0.00000000 0.000000 0.004902) (-0.16782862 0.000000 0.000000)))
(2.900000  ((0.00000000 0.000000 0.000245) (-0.00839364 0.000000 0.000000)))
(2.910000  ((0.00000000 0.000000 -0.004409) (0.15095397 0.000000 0.000000)))
(2.920000  ((0.00000000 0.000000 -0.008517) (0.29158137 0.000000 0.000000)))
(2.930000  ((0.00000000 0.000000 -0.011610) (0.39745014 0.000000 0.000000)))
(2.940000  ((0.00000000 0.000000 -0.013347) (0.45691462 0.000000 0.000000)))
(2.950000  ((0.00000000 0.000000 -0.013553) (0.46396546 0.000000 0.000000)))
(2.960000  ((0.00000000 0.000000 -0.012233) (0.41879368 0.000000 0.000000)))
(2.970000  ((0.00000000 0.000000 -0.009570) (0.32763135 0.000000 0.000000)))
(2.980000  ((0.00000000 0.000000 -0.005898) (0.20190641 0.000000 0.000000)))
(2.990000  ((0.00000000 0.000000 -0.001660) (0.05682384 0.000000 0.000000)))
(3.000000  ((0.00000000 0.000000 0.002642) (-0.09045432 0.000000 0.000000)))
(3.010000  ((0.00000000 0.000000 0.006508) (-0.22281571 0.000000 0.000000)))
(3.020000  ((0.00000000 0.000000 0.009498) (-0.32516005 0.000000 0.000000)))
(3.030000  ((0.00000000 0.000000 0.011278) (-0.38609604 0.000000 0.000000)))
(3.040000  ((0.00000000 0.000000 0.011660) (-0.39918686 0.000000 0.000000)))
(3.050000  ((0.00000000 0.000000 0.010621) (-0.36361314 0.000000 0.000000)))
(3.060000  ((0.00000000 0.000000 0.008301) (-0.28418887 0.000000 0.000000)))
(3.070000  ((0.00000000 0.000000 0.004987) (-0.17073724 0.000000 0.000000)))
(3.080000  ((0.00000000 0.000000 0.001078) (-0.03690279 0.000000 0.000000)))
(3.090000  ((0.00000000 0.000000 -0.002964) (0.10146196 0.000000 0.000000)))
(3.100000  ((0.00000000 0.000000 -0.006664) (0.22814988 0.000000 0.000000)))
(3.110000  ((0.00000000 0.000000 -0.009595) (0.32847926 0.000000 0.000000)))
(3.120000  ((0.00000000 0.000000 -0.011421) (0.39098483 0.000000 0.000000)))
(3.130000  ((0.00000000 0.000000 -0.011939) (0.40872605 0.000000 0.000000)))
(3.140000  ((0.00000000 0.000000 -0.011102) (0.38006405 0.000000 0.000000)))
(3.150000  ((0.00000000 0.000000 -0.009021) (0.30881920 0.000000 0.000000)))
(3.160000  ((0.00000000 0.000000 -0.005953) (0.20379170 0.000000 0.000000)))
(3.170000  ((0.00000000 0.000000 -0.002270) (0.07770016 0.000000 0.000000)))
(3.180000  ((0.00000000 0.000000 0.001587) (-0.05433894 0.000000 0.000000)))
(3.190000  ((0.00000000 0.000000 0.005159) (-0.17661264 0.000000 0.000000)))
(3.200000  ((0.00000000 0.000000 0.008023) (-0.27467994 0.000000 0.000000)))
(3.210000  ((0.00000000 0.000000 0.009846) (-0.33708381 0.000000 0.000000)))
(3.220000  ((0.00000000 0.000000 0.010419) (-0.35670163 0.000000 0.000000)))
(3.230000  ((0.00000000 0.000000 0.009685) (-0.33157227 0.000000 0.000000)))
(3.240000  ((0.00000000 0.000000 0.007744) (-0.26510139 0.000000 0.000000)))
(3.250000  ((0.00000000 0.000000 0.004838) (-0.16562079 0.000000 0.000000)))
(3.260000  ((0.00000000 0.000000 0.001325) (-0.04535524 0.000000 0.000000)))
(3.270000  ((0.00000000 0.000000 -0.002368) (0.08107742 0.000000 0.000000)))
(3.280000  ((0.00000000 0.000000 -0.005797) (0.19844908 0.000000 0.000000)))
(3.290000  ((0.00000000 0.000000 -0.008552) (0.29276761 0.000000 0.000000)))
(3.300000  ((0.00000000 0.000000 -0.010310) (0.35295889 0.000000 0.000000)))
(3.310000  ((0.00000000 0.000000 -0.010871) (0.37217912 0.000000 0.000000)))
(3.320000  ((0.00000000 0.000000 -0.010183) (0.34859948 0.000000 0.000000)))
(3.330000  ((0.00000000 0.000000 -0.008342) (0.28557218 0.000000 0.000000)))
(3.340000  ((0.00000000 0.000000 -0.005584) (0.19116393 0.000000 0.000000)))
(3.350000  ((0.00000000 0.000000 -0.002253) (0.07712044 0.000000 0.000000)))
(3.360000  ((0.00000000 0.000000 0.001244) (-0.04260477 0.000000 0.000000)))
(3.370000  ((0.00000000 0.000000 0.004486) (-0.15357099 0.000000 0.000000)))
(3.380000  ((0.00000000 0.000000 0.007086) (-0.24260514 0.000000 0.000000)))
(3.390000  ((0.00000000 0.000000 0.008745) (-0.29937389 0.000000 0.000000)))
(3.400000  ((0.00000000 0.000000 0.009277) (-0.31758386 0.000000 0.000000)))
(3.410000  ((0.00000000 0.000000 0.008637) (-0.29567024 0.000000 0.000000)))
(3.420000  ((0.00000000 0.000000 0.006920) (-0.23690111 0.000000 0.000000)))
(3.430000  ((0.00000000 0.000000 0.004349) (-0.14889705 0.000000 0.000000)))
(3.440000  ((0.00000000 0.000000 0.001245) (-0.04263654 0.000000 0.000000)))
(3.450000  ((0.00000000 0.000000 -0.002013) (0.06892151 0.000000 0.000000)))
(3.460000  ((0.00000000 0.000000 -0.005036) (0.17242352 0.000000 0.000000)))
(3.470000  ((0.00000000 0.000000 -0.007470) (0.25571942 0.000000 0.000000)))
(3.480000  ((0.00000000 0.000000 -0.009034) (0.30928102 0.000000 0.000000)))
(3.490000  ((0.00000000 0.000000 -0.009560) (0.32727606 0.000000 0.000000)))
(3.500000  ((0.00000000 0.000000 -0.009002) (0.30818009 0.000000 0.000000)))
(3.510000  ((0.00000000 0.000000 -0.007445) (0.25486676 0.000000 0.000000)))
(3.520000  ((0.00000000 0.000000 -0.005088) (0.17418019 0.000000 0.000000)))
(3.530000  ((0.00000000 0.000000 -0.002221) (0.07605273 0.000000 0.000000)))
(3.540000  ((0.00000000 0.000000 0.000810) (-0.02771749 0.000000 0.000000)))
(3.550000  ((0.00000000 0.000000 0.003648) (-0.12487910 0.000000 0.000000)))
(3.560000  ((0.00000000 0.000000 0.005964) (-0.20416191 0.000000 0.000000)))
(3.570000  ((0.00000000 0.000000 0.007494) (-0.25656711 0.000000 0.000000)))
(3.580000  ((0.00000000 0.000000 0.008073) (-0.27636901 0.000000 0.000000)))
(3.590000  ((0.00000000 0.000000 0.007645) (-0.26172079 0.000000 0.000000)))
(3.600000  ((0.00000000 0.000000 0.006274) (-0.21480465 0.000000 0.000000)))
(3.610000  ((0.00000000 0.000000 0.004134) (-0.14151874 0.000000 0.000000)))
(3.620000  ((0.00000000 0.000000 0.001482) (-0.05074484 0.000000 0.000000)))
(3.630000  ((0.00000000 0.000000 -0.001365) (0.04671415 0.000000 0.000000)))
(3.640000  ((0.00000000 0.000000 -0.004072) (0.13940210 0.000000 0.000000)))
(3.650000  ((0.00000000 0.000000 -0.006325) (0.21653743 0.000000 0.000000)))
(3.660000  ((0.00000000 0.000000 -0.007865) (0.26924970 0.000000 0.000000)))
(3.670000  ((0.00000000 0.000000 -0.008517) (0.29158638 0.000000 0.000000)))
(3.680000  ((0.00000000 0.000000 -0.008213) (0.28117779 0.000000 0.000000)))
(3.690000  ((0.00000000 0.000000 -0.006995) (0.23948749 0.000000 0.000000)))
(3.700000  ((0.00000000 0.000000 -0.005013) (0.17162129 0.000000 0.000000)))
(3.710000  ((0.00000000 0.000000 -0.002504) (0.08571765 0.000000 0.000000)))
(3.720000  ((0.00000000 0.000000 0.000234) (-0.00801130 0.000000 0.000000)))
(3.730000  ((0.00000000 0.000000 0.002877) (-0.09847849 0.000000 0.000000)))
(3.740000  ((0.00000000 0.000000 0.005112) (-0.17502256 0.000000 0.000000)))
(3.750000  ((0.00000000 0.000000 0.006679) (-0.22865950 0.000000 0.000000)))
(3.760000  ((0.00000000 0.000000 0.007394) (-0.25313888 0.000000 0.000000)))
(3.770000  ((0.00000000 0.000000 0.007176) (-0.24568002 0.000000 0.000000)))
(3.780000  ((0.00000000 0.000000 0.006055) (-0.20729999 0.000000 0.000000)))
(3.790000  ((0.00000000 0.000000 0.004168) (-0.14269221 0.000000 0.000000)))
(3.800000  ((0.00000000 0.000000 0.001743) (-0.05966735 0.000000 0.000000)))
(3.810000  ((0.00000000 0.000000 -0.000928) (0.03178024 0.000000 0.000000)))
(3.820000  ((0.00000000 0.000000 -0.003525) (0.12067077 0.000000 0.000000)))
(3.830000  ((0.00000000 0.000000 -0.005736) (0.19635915 0.000000 0.000000)))
(3.840000  ((0.00000000 0.000000 -0.007297) (0.24981730 0.000000 0.000000)))
(3.850000  ((0.00000000 0.000000 -0.008025) (0.27472233 0.000000 0.000000)))
(3.860000  ((0.00000000 0.000000 -0.007835) (0.26821712 0.000000 0.000000)))
(3.870000  ((0.00000000 0.000000 -0.006755) (0.23124948 0.000000 0.000000)))
(3.880000  ((0.00000000 0.000000 -0.004920) (0.16844739 0.000000 0.000000)))
(3.890000  ((0.00000000 0.000000 -0.002557) (0.08754501 0.000000 0.000000)))
(3.900000  ((0.00000000 0.000000 0.000046) (-0.00157051 0.000000 0.000000)))
(3.910000  ((0.00000000 0.000000 0.002573) (-0.08807373 0.000000 0.000000)))
(3.920000  ((0.00000000 0.000000 0.004718) (-0.16152628 0.000000 0.000000)))
(3.930000  ((0.00000000 0.000000 0.006226) (-0.21314816 0.000000 0.000000)))
(3.940000  ((0.00000000 0.000000 0.006919) (-0.23687749 0.000000 0.000000)))
(3.950000  ((0.00000000 0.000000 0.006721) (-0.23008873 0.000000 0.000000)))
(3.960000  ((0.00000000 0.000000 0.005663) (-0.19388304 0.000000 0.000000)))
(3.970000  ((0.00000000 0.000000 0.003883) (-0.13291896 0.000000 0.000000)))
(3.980000  ((0.00000000 0.000000 0.001601) (-0.05480845 0.000000 0.000000)))
(3.990000  ((0.00000000 0.000000 -0.000901) (0.03084226 0.000000 0.000000)))
(4.000000  ((0.00000000 0.000000 -0.003319) (0.11362459 0.000000 0.000000)))
(4.010000  ((0.00000000 0.000000 -0.005363) (0.18360206 0.000000 0.000000)))
(4.020000  ((0.00000000 0.000000 -0.006792) (0.23250897 0.000000 0.000000)))
(4.030000  ((0.00000000 0.000000 -0.007441) (0.25472725 0.000000 0.000000)))
(4.040000  ((0.00000000 0.000000 -0.007242) (0.24792587 0.000000 0.000000)))
(4.050000  ((0.00000000 0.000000 -0.006230) (0.21329137 0.000000 0.000000)))
(4.060000  ((0.00000000 0.000000 -0.004537) (0.15532961 0.000000 0.000000)))
(4.070000  ((0.00000000 0.000000 -0.002374) (0.08127144 0.000000 0.000000)))
(4.080000  ((0.00000000 0.000000 -0.000005) (0.00016203 0.000000 0.000000)))
(4.090000  ((0.00000000 0.000000 0.002286) (-0.07824976 0.000000 0.000000)))
(4.100000  ((0.00000000 0.000000 0.004226) (-0.14468458 0.000000 0.000000)))
(4.110000  ((0.00000000 0.000000 0.005592) (-0.19142656 0.000000 0.000000)))
(4.120000  ((0.00000000 0.000000 0.006228) (-0.21321005 0.000000 0.000000)))
(4.130000  ((0.00000000 0.000000 0.006070) (-0.20779913 0.000000 0.000000)))
(4.140000  ((0.00000000 0.000000 0.005147) (-0.17619916 0.000000 0.000000)))
(4.150000  ((0.00000000 0.000000 0.003578) (-0.12248445 0.000000 0.000000)))
(4.160000  ((0.00000000 0.000000 0.001556) (-0.05327069 0.000000 0.000000)))
(4.170000  ((0.00000000 0.000000 -0.000675) (0.02309887 0.000000 0.000000)))
(4.180000  ((0.00000000 0.000000 -0.002850) (0.09755346 0.000000 0.000000)))
(4.190000  ((0.00000000 0.000000 -0.004713) (0.16136203 0.000000 0.000000)))
(4.200000  ((0.00000000 0.000000 -0.006051) (0.20714393 0.000000 0.000000)))
(4.210000  ((0.00000000 0.000000 -0.006710) (0.22970822 0.000000 0.000000)))
(4.220000  ((0.00000000 0.000000 -0.006620) (0.22662909 0.000000 0.000000)))
(4.230000  ((0.00000000 0.000000 -0.005798) (0.19849613 0.000000 0.000000)))
(4.240000  ((0.00000000 0.000000 -0.004347) (0.14881578 0.000000 0.000000)))
(4.250000  ((0.00000000 0.000000 -0.002441) (0.08357922 0.000000 0.000000)))
(4.260000  ((0.00000000 0.000000 -0.000308) (0.01054880 0.000000 0.000000)))
(4.270000  ((0.00000000 0.000000 0.001801) (-0.06165376 0.000000 0.000000)))
(4.280000  ((0.00000000 0.000000 0.003638) (-0.12455291 0.000000 0.000000)))
(4.290000  ((0.00000000 0.000000 0.004989) (-0.17080335 0.000000 0.000000)))
(4.300000  ((0.00000000 0.000000 0.005697) (-0.19504065 0.000000 0.000000)))
(4.310000  ((0.00000000 0.000000 0.005681) (-0.19450111 0.000000 0.000000)))
(4.320000  ((0.00000000 0.000000 0.004946) (-0.16933989 0.000000 0.000000)))
(4.330000  ((0.00000000 0.000000 0.003581) (-0.12261010 0.000000 0.000000)))
(4.340000  ((0.00000000 0.000000 0.001750) (-0.05990398 0.000000 0.000000)))
(4.350000  ((0.00000000 0.000000 -0.000330) (0.01130400 0.000000 0.000000)))
(4.360000  ((0.00000000 0.000000 -0.002411) (0.08253758 0.000000 0.000000)))
(4.370000  ((0.00000000 0.000000 -0.004245) (0.14532087 0.000000 0.000000)))
(4.380000  ((0.00000000 0.000000 -0.005614) (0.19218493 0.000000 0.000000)))
(4.390000  ((0.00000000 0.000000 -0.006355) (0.21755927 0.000000 0.000000)))
(4.400000  ((0.00000000 0.000000 -0.006381) (0.21844127 0.000000 0.000000)))
(4.410000  ((0.00000000 0.000000 -0.005689) (0.19476140 0.000000 0.000000)))
(4.420000  ((0.00000000 0.000000 -0.004364) (0.14939812 0.000000 0.000000)))
(4.430000  ((0.00000000 0.000000 -0.002566) (0.08783744 0.000000 0.000000)))
(4.440000  ((0.00000000 0.000000 -0.000512) (0.01751559 0.000000 0.000000)))
(4.450000  ((0.00000000 0.000000 0.001550) (-0.05307795 0.000000 0.000000)))
(4.460000  ((0.00000000 0.000000 0.003372) (-0.11542897 0.000000 0.000000)))
(4.470000  ((0.00000000 0.000000 0.004733) (-0.16203318 0.000000 0.000000)))
(4.480000  ((0.00000000 0.000000 0.005471) (-0.18730962 0.000000 0.000000)))
(4.490000  ((0.00000000 0.000000 0.005500) (-0.18827958 0.000000 0.000000)))
(4.500000  ((0.00000000 0.000000 0.004817) (-0.16492658 0.000000 0.000000)))
(4.510000  ((0.00000000 0.000000 0.003511) (-0.12019217 0.000000 0.000000)))
(4.520000  ((0.00000000 0.000000 0.001741) (-0.05960791 0.000000 0.000000)))
(4.530000  ((0.00000000 0.000000 -0.000274) (0.00939096 0.000000 0.000000)))
(4.540000  ((0.00000000 0.000000 -0.002290) (0.07838437 0.000000 0.000000)))
(4.550000  ((0.00000000 0.000000 -0.004060) (0.13900400 0.000000 0.000000)))
(4.560000  ((0.00000000 0.000000 -0.005373) (0.18395767 0.000000 0.000000)))
(4.570000  ((0.00000000 0.000000 -0.006073) (0.20791440 0.000000 0.000000)))
(4.580000  ((0.00000000 0.000000 -0.006080) (0.20814077 0.000000 0.000000)))
(4.590000  ((0.00000000 0.000000 -0.005398) (0.18481212 0.000000 0.000000)))
(4.600000  ((0.00000000 0.000000 -0.004118) (0.14096307 0.000000 0.000000)))
(4.610000  ((0.00000000 0.000000 -0.002398) (0.08208771 0.000000 0.000000)))
(4.620000  ((0.00000000 0.000000 -0.000451) (0.01544305 0.000000 0.000000)))
(4.630000  ((0.00000000 0.000000 0.001485) (-0.05085448 0.000000 0.000000)))
(4.640000  ((0.00000000 0.000000 0.003179) (-0.10882503 0.000000 0.000000)))
(4.650000  ((0.00000000 0.000000 0.004428) (-0.15159020 0.000000 0.000000)))
(4.660000  ((0.00000000 0.000000 0.005088) (-0.17418889 0.000000 0.000000)))
(4.670000  ((0.00000000 0.000000 0.005087) (-0.17414771 0.000000 0.000000)))
(4.680000  ((0.00000000 0.000000 0.004432) (-0.15174127 0.000000 0.000000)))
(4.690000  ((0.00000000 0.000000 0.003211) (-0.10991736 0.000000 0.000000)))
(4.700000  ((0.00000000 0.000000 0.001574) (-0.05390288 0.000000 0.000000)))
(4.710000  ((0.00000000 0.000000 -0.000276) (0.00945538 0.000000 0.000000)))
(4.720000  ((0.00000000 0.000000 -0.002119) (0.07253097 0.000000 0.000000)))
(4.730000  ((0.00000000 0.000000 -0.003734) (0.12783491 0.000000 0.000000)))
(4.740000  ((0.00000000 0.000000 -0.004934) (0.16889950 0.000000 0.000000)))
(4.750000  ((0.00000000 0.000000 -0.005580) (0.19102549 0.000000 0.000000)))
(4.760000  ((0.00000000 0.000000 -0.005603) (0.19180786 0.000000 0.000000)))
(4.770000  ((0.00000000 0.000000 -0.005006) (0.17138400 0.000000 0.000000)))
(4.780000  ((0.00000000 0.000000 -0.003867) (0.13238122 0.000000 0.000000)))
(4.790000  ((0.00000000 0.000000 -0.002324) (0.07957591 0.000000 0.000000)))
(4.800000  ((0.00000000 0.000000 -0.000564) (0.01930885 0.000000 0.000000)))
(4.810000  ((0.00000000 0.000000 0.001206) (-0.04127188 0.000000 0.000000)))
(4.820000  ((0.00000000 0.000000 0.002776) (-0.09505101 0.000000 0.000000)))
(4.830000  ((0.00000000 0.000000 0.003966) (-0.13577208 0.000000 0.000000)))
(4.840000  ((0.00000000 0.000000 0.004637) (-0.15875542 0.000000 0.000000)))
(4.850000  ((0.00000000 0.000000 0.004715) (-0.16142785 0.000000 0.000000)))
(4.860000  ((0.00000000 0.000000 0.004195) (-0.14360591 0.000000 0.000000)))
(4.870000  ((0.00000000 0.000000 0.003140) (-0.10750265 0.000000 0.000000)))
(4.880000  ((0.00000000 0.000000 0.001678) (-0.05745874 0.000000 0.000000)))
(4.890000  ((0.00000000 0.000000 -0.000017) (0.00057039 0.000000 0.000000)))
(4.900000  ((0.00000000 0.000000 -0.001744) (0.05971248 0.000000 0.000000)))
(4.910000  ((0.00000000 0.000000 -0.003300) (0.11298191 0.000000 0.000000)))
(4.920000  ((0.00000000 0.000000 -0.004501) (0.15409643 0.000000 0.000000)))
(4.930000  ((0.00000000 0.000000 -0.005206) (0.17821324 0.000000 0.000000)))
(4.940000  ((0.00000000 0.000000 -0.005331) (0.18249907 0.000000 0.000000)))
(4.950000  ((0.00000000 0.000000 -0.004862) (0.16646691 0.000000 0.000000)))
(4.960000  ((0.00000000 0.000000 -0.003857) (0.13203864 0.000000 0.000000)))
(4.970000  ((0.00000000 0.000000 -0.002434) (0.08332386 0.000000 0.000000)))
(4.980000  ((0.00000000 0.000000 -0.000763) (0.02613835 0.000000 0.000000)))
(4.990000  ((0.00000000 0.000000 0.000955) (-0.03268348 0.000000 0.000000)))
(5.000000  ((0.00000000 0.000000 0.002515) (-0.08610242 0.000000 0.000000)))
(5.010000  ((0.00000000 0.000000 0.003731) (-0.12771818 0.000000 0.000000)))
(5.020000  ((0.00000000 0.000000 0.004456) (-0.15254176 0.000000 0.000000)))
(5.030000  ((0.00000000 0.000000 0.004604) (-0.15760221 0.000000 0.000000)))
(5.040000  ((0.00000000 0.000000 0.004157) (-0.14231247 0.000000 0.000000)))
(5.050000  ((0.00000000 0.000000 0.003171) (-0.10854741 0.000000 0.000000)))
(5.060000  ((0.00000000 0.000000 0.001765) (-0.06042195 0.000000 0.000000)))
(5.070000  ((0.00000000 0.000000 0.000111) (-0.00379406 0.000000 0.000000)))
(5.080000  ((0.00000000 0.000000 -0.001590) (0.05444811 0.000000 0.000000)))
(5.090000  ((0.00000000 0.000000 -0.003132) (0.10722809 0.000000 0.000000)))
(5.100000  ((0.00000000 0.000000 -0.004327) (0.14814800 0.000000 0.000000)))
(5.110000  ((0.00000000 0.000000 -0.005032) (0.17227271 0.000000 0.000000)))
(5.120000  ((0.00000000 0.000000 -0.005162) (0.17673314 0.000000 0.000000)))
(5.130000  ((0.00000000 0.000000 -0.004705) (0.16107335 0.000000 0.000000)))
(5.140000  ((0.00000000 0.000000 -0.003718) (0.12729804 0.000000 0.000000)))
(5.150000  ((0.00000000 0.000000 -0.002326) (0.07961515 0.000000 0.000000)))
(5.160000  ((0.00000000 0.000000 -0.000698) (0.02390650 0.000000 0.000000)))
(5.170000  ((0.00000000 0.000000 0.000964) (-0.03300607 0.000000 0.000000)))
(5.180000  ((0.00000000 0.000000 0.002460) (-0.08420601 0.000000 0.000000)))
(5.190000  ((0.00000000 0.000000 0.003608) (-0.12353230 0.000000 0.000000)))
(5.200000  ((0.00000000 0.000000 0.004274) (-0.14632817 0.000000 0.000000)))
(5.210000  ((0.00000000 0.000000 0.004381) (-0.14999607 0.000000 0.000000)))
(5.220000  ((0.00000000 0.000000 0.003923) (-0.13429218 0.000000 0.000000)))
(5.230000  ((0.00000000 0.000000 0.002960) (-0.10132763 0.000000 0.000000)))
(5.240000  ((0.00000000 0.000000 0.001615) (-0.05528062 0.000000 0.000000)))
(5.250000  ((0.00000000 0.000000 0.000054) (-0.00185974 0.000000 0.000000)))
(5.260000  ((0.00000000 0.000000 -0.001531) (0.05241095 0.000000 0.000000)))
(5.270000  ((0.00000000 0.000000 -0.002950) (0.10099406 0.000000 0.000000)))
(5.280000  ((0.00000000 0.000000 -0.004035) (0.13812818 0.000000 0.000000)))
(5.290000  ((0.00000000 0.000000 -0.004659) (0.15950864 0.000000 0.000000)))
(5.300000  ((0.00000000 0.000000 -0.004755) (0.16277940 0.000000 0.000000)))
(5.310000  ((0.00000000 0.000000 -0.004317) (0.14778139 0.000000 0.000000)))
(5.320000  ((0.00000000 0.000000 -0.003404) (0.11653323 0.000000 0.000000)))
(5.330000  ((0.00000000 0.000000 -0.002131) (0.07295330 0.000000 0.000000)))
(5.340000  ((0.00000000 0.000000 -0.000653) (0.02236252 0.000000 0.000000)))
(5.350000  ((0.00000000 0.000000 0.000852) (-0.02916811 0.000000 0.000000)))
(5.360000  ((0.00000000 0.000000 0.002207) (-0.07554460 0.000000 0.000000)))
(5.370000  ((0.00000000 0.000000 0.003253) (-0.11136501 0.000000 0.000000)))
(5.380000  ((0.00000000 0.000000 0.003871) (-0.13253966 0.000000 0.000000)))
(5.390000  ((0.00000000 0.000000 0.003994) (-0.13674713 0.000000 0.000000)))
(5.400000  ((0.00000000 0.000000 0.003613) (-0.12367752 0.000000 0.000000)))
(5.410000  ((0.00000000 0.000000 0.002776) (-0.09504001 0.000000 0.000000)))
(5.420000  ((0.00000000 0.000000 0.001587) (-0.05433848 0.000000 0.000000)))
(5.430000  ((0.00000000 0.000000 0.000188) (-0.00644518 0.000000 0.000000)))
(5.440000  ((0.00000000 0.000000 -0.001255) (0.04297637 0.000000 0.000000)))
(5.450000  ((0.00000000 0.000000 -0.002574) (0.08813173 0.000000 0.000000)))
(5.460000  ((0.00000000 0.000000 -0.003615) (0.12376420 0.000000 0.000000)))
(5.470000  ((0.00000000 0.000000 -0.004258) (0.14575653 0.000000 0.000000)))
(5.480000  ((0.00000000 0.000000 -0.004428) (0.15159866 0.000000 0.000000)))
(5.490000  ((0.00000000 0.000000 -0.004109) (0.14067018 0.000000 0.000000)))
(5.500000  ((0.00000000 0.000000 -0.003339) (0.11430611 0.000000 0.000000)))
(5.510000  ((0.00000000 0.000000 -0.002209) (0.07563907 0.000000 0.000000)))
(5.520000  ((0.00000000 0.000000 -0.000854) (0.02923525 0.000000 0.000000)))
(5.530000  ((0.00000000 0.000000 0.000568) (-0.01943535 0.000000 0.000000)))
(5.540000  ((0.00000000 0.000000 0.001888) (-0.06463501 0.000000 0.000000)))
(5.550000  ((0.00000000 0.000000 0.002951) (-0.10102844 0.000000 0.000000)))
(5.560000  ((0.00000000 0.000000 0.003631) (-0.12431024 0.000000 0.000000)))
(5.570000  ((0.00000000 0.000000 0.003847) (-0.13171628 0.000000 0.000000)))
(5.580000  ((0.00000000 0.000000 0.003574) (-0.12235797 0.000000 0.000000)))
(5.590000  ((0.00000000 0.000000 0.002843) (-0.09733793 0.000000 0.000000)))
(5.600000  ((0.00000000 0.000000 0.001742) (-0.05963050 0.000000 0.000000)))
(5.610000  ((0.00000000 0.000000 0.000401) (-0.01373772 0.000000 0.000000)))
(5.620000  ((0.00000000 0.000000 -0.001018) (0.03484104 0.000000 0.000000)))
(5.630000  ((0.00000000 0.000000 -0.002345) (0.08026490 0.000000 0.000000)))
(5.640000  ((0.00000000 0.000000 -0.003419) (0.11705489 0.000000 0.000000)))
(5.650000  ((0.00000000 0.000000 -0.004112) (0.14075984 0.000000 0.000000)))
(5.660000  ((0.00000000 0.000000 -0.004338) (0.14850284 0.000000 0.000000)))
(5.670000  ((0.00000000 0.000000 -0.004070) (0.13933930 0.000000 0.000000)))
(5.680000  ((0.00000000 0.000000 -0.003341) (0.11438055 0.000000 0.000000)))
(5.690000  ((0.00000000 0.000000 -0.002239) (0.07666497 0.000000 0.000000)))
(5.700000  ((0.00000000 0.000000 -0.000899) (0.03079038 0.000000 0.000000)))
(5.710000  ((0.00000000 0.000000 0.000516) (-0.01764837 0.000000 0.000000)))
(5.720000  ((0.00000000 0.000000 0.001833) (-0.06274750 0.000000 0.000000)))
(5.730000  ((0.00000000 0.000000 0.002892) (-0.09902244 0.000000 0.000000)))
(5.740000  ((0.00000000 0.000000 0.003566) (-0.12208446 0.000000 0.000000)))
(5.750000  ((0.00000000 0.000000 0.003773) (-0.12918054 0.000000 0.000000)))
(5.760000  ((0.00000000 0.000000 0.003491) (-0.11952836 0.000000 0.000000)))
(5.770000  ((0.00000000 0.000000 0.002758) (-0.09440468 0.000000 0.000000)))
(5.780000  ((0.00000000 0.000000 0.001664) (-0.05697649 0.000000 0.000000)))
(5.790000  ((0.00000000 0.000000 0.000348) (-0.01189773 0.000000 0.000000)))
(5.800000  ((0.00000000 0.000000 -0.001030) (0.03527646 0.000000 0.000000)))
(5.810000  ((0.00000000 0.000000 -0.002301) (0.07878245 0.000000 0.000000)))
(5.820000  ((0.00000000 0.000000 -0.003311) (0.11335982 0.000000 0.000000)))
(5.830000  ((0.00000000 0.000000 -0.003940) (0.13489252 0.000000 0.000000)))
(5.840000  ((0.00000000 0.000000 -0.004116) (0.14090010 0.000000 0.000000)))
(5.850000  ((0.00000000 0.000000 -0.003821) (0.13082012 0.000000 0.000000)))
(5.860000  ((0.00000000 0.000000 -0.003098) (0.10605018 0.000000 0.000000)))
(5.870000  ((0.00000000 0.000000 -0.002037) (0.06974868 0.000000 0.000000)))
(5.880000  ((0.00000000 0.000000 -0.000772) (0.02642390 0.000000 0.000000)))
(5.890000  ((0.00000000 0.000000 0.000544) (-0.01863394 0.000000 0.000000)))
(5.900000  ((0.00000000 0.000000 0.001753) (-0.06000436 0.000000 0.000000)))
(5.910000  ((0.00000000 0.000000 0.002710) (-0.09279075 0.000000 0.000000)))
(5.920000  ((0.00000000 0.000000 0.003306) (-0.11319775 0.000000 0.000000)))
(5.930000  ((0.00000000 0.000000 0.003475) (-0.11896411 0.000000 0.000000)))
(5.940000  ((0.00000000 0.000000 0.003201) (-0.10960317 0.000000 0.000000)))
(5.950000  ((0.00000000 0.000000 0.002525) (-0.08642764 0.000000 0.000000)))
(5.960000  ((0.00000000 0.000000 0.001529) (-0.05236151 0.000000 0.000000)))
(5.970000  ((0.00000000 0.000000 0.000338) (-0.01156703 0.000000 0.000000)))
(5.980000  ((0.00000000 0.000000 -0.000907) (0.03106467 0.000000 0.000000)))
(5.990000  ((0.00000000 0.000000 -0.002059) (0.07049691 0.000000 0.000000)))
(6.000000  ((0.00000000 0.000000 -0.002983) (0.10213543 0.000000 0.000000)))
(6.010000  ((0.00000000 0.000000 -0.003574) (0.12235391 0.000000 0.000000)))
(6.020000  ((0.00000000 0.000000 -0.003765) (0.12889865 0.000000 0.000000)))
(6.030000  ((0.00000000 0.000000 -0.003538) (0.12112960 0.000000 0.000000)))
(6.040000  ((0.00000000 0.000000 -0.002923) (0.10007390 0.000000 0.000000)))
(6.050000  ((0.00000000 0.000000 -0.001995) (0.06828959 0.000000 0.000000)))
(6.060000  ((0.00000000 0.000000 -0.000863) (0.02955760 0.000000 0.000000)))
(6.070000  ((0.00000000 0.000000 0.000338) (-0.01156143 0.000000 0.000000)))
(6.080000  ((0.00000000 0.000000 0.001468) (-0.05025499 0.000000 0.000000)))
(6.090000  ((0.00000000 0.000000 0.002396) (-0.08201181 0.000000 0.000000)))
(6.100000  ((0.00000000 0.000000 0.003013) (-0.10313892 0.000000 0.000000)))
(6.110000  ((0.00000000 0.000000 0.003248) (-0.11118497 0.000000 0.000000)))
(6.120000  ((0.00000000 0.000000 0.003074) (-0.10522280 0.000000 0.000000)))
(6.130000  ((0.00000000 0.000000 0.002511) (-0.08595884 0.000000 0.000000)))
(6.140000  ((0.00000000 0.000000 0.001626) (-0.05565605 0.000000 0.000000)))
(6.150000  ((0.00000000 0.000000 0.000522) (-0.01787742 0.000000 0.000000)))
(6.160000  ((0.00000000 0.000000 -0.000670) (0.02292298 0.000000 0.000000)))
(6.170000  ((0.00000000 0.000000 -0.001809) (0.06191634 0.000000 0.000000)))
(6.180000  ((0.00000000 0.000000 -0.002759) (0.09446483 0.000000 0.000000)))
(6.190000  ((0.00000000 0.000000 -0.003408) (0.11667153 0.000000 0.000000)))
(6.200000  ((0.00000000 0.000000 -0.003676) (0.12584973 0.000000 0.000000)))
(6.210000  ((0.00000000 0.000000 -0.003530) (0.12085431 0.000000 0.000000)))
(6.220000  ((0.00000000 0.000000 -0.002986) (0.10223344 0.000000 0.000000)))
(6.230000  ((0.00000000 0.000000 -0.002108) (0.07217852 0.000000 0.000000)))
(6.240000  ((0.00000000 0.000000 -0.001001) (0.03427480 0.000000 0.000000)))
(6.250000  ((0.00000000 0.000000 0.000202) (-0.00692080 0.000000 0.000000)))
(6.260000  ((0.00000000 0.000000 0.001356) (-0.04642625 0.000000 0.000000)))
(6.270000  ((0.00000000 0.000000 0.002320) (-0.07943985 0.000000 0.000000)))
(6.280000  ((0.00000000 0.000000 0.002977) (-0.10193051 0.000000 0.000000)))
(6.290000  ((0.00000000 0.000000 0.003246) (-0.11113906 0.000000 0.000000)))
(6.300000  ((0.00000000 0.000000 0.003094) (-0.10592637 0.000000 0.000000)))
(6.310000  ((0.00000000 0.000000 0.002539) (-0.08692270 0.000000 0.000000)))
(6.320000  ((0.00000000 0.000000 0.001649) (-0.05645721 0.000000 0.000000)))
(6.330000  ((0.00000000 0.000000 0.000534) (-0.01827417 0.000000 0.000000)))
(6.340000  ((0.00000000 0.000000 -0.000670) (0.02292954 0.000000 0.000000)))
(6.350000  ((0.00000000 0.000000 -0.001814) (0.06208833 0.000000 0.000000)))
(6.360000  ((0.00000000 0.000000 -0.002757) (0.09439911 0.000000 0.000000)))
(6.370000  ((0.00000000 0.000000 -0.003386) (0.11591954 0.000000 0.000000)))
(6.380000  ((0.00000000 0.000000 -0.003624) (0.12405697 0.000000 0.000000)))
(6.390000  ((0.00000000 0.000000 -0.003443) (0.11788587 0.000000 0.000000)))
(6.400000  ((0.00000000 0.000000 -0.002870) (0.09825380 0.000000 0.000000)))
(6.410000  ((0.00000000 0.000000 -0.001976) (0.06766373 0.000000 0.000000)))
(6.420000  ((0.00000000 0.000000 -0.000875) (0.02994924 0.000000 0.000000)))
(6.430000  ((0.00000000 0.000000 0.000298) (-0.01021411 0.000000 0.000000)))
(6.440000  ((0.00000000 0.000000 0.001399) (-0.04789747 0.000000 0.000000)))
(6.450000  ((0.00000000 0.000000 0.002294) (-0.07853140 0.000000 0.000000)))
(6.460000  ((0.00000000 0.000000 0.002876) (-0.09846509 0.000000 0.000000)))
(6.470000  ((0.00000000 0.000000 0.003079) (-0.10540244 0.000000 0.000000)))
(6.480000  ((0.00000000 0.000000 0.002882) (-0.09866289 0.000000 0.000000)))
(6.490000  ((0.00000000 0.000000 0.002315) (-0.07923807 0.000000 0.000000)))
(6.500000  ((0.00000000 0.000000 0.001450) (-0.04964190 0.000000 0.000000)))
(6.510000  ((0.00000000 0.000000 0.000397) (-0.01357770 0.000000 0.000000)))
(6.520000  ((0.00000000 0.000000 -0.000717) (0.02453224 0.000000 0.000000)))
(6.530000  ((0.00000000 0.000000 -0.001755) (0.06009323 0.000000 0.000000)))
(6.540000  ((0.00000000 0.000000 -0.002597) (0.08889269 0.000000 0.000000)))
(6.550000  ((0.00000000 0.000000 -0.003143) (0.10759516 0.000000 0.000000)))
(6.560000  ((0.00000000 0.000000 -0.003333) (0.11412074 0.000000 0.000000)))
(6.570000  ((0.00000000 0.000000 -0.003151) (0.10786522 0.000000 0.000000)))
(6.580000  ((0.00000000 0.000000 -0.002621) (0.08974125 0.000000 0.000000)))
(6.590000  ((0.00000000 0.000000 -0.001812) (0.06204112 0.000000 0.000000)))
(6.600000  ((0.00000000 0.000000 -0.000822) (0.02814262 0.000000 0.000000)))
(6.610000  ((0.00000000 0.000000 0.000231) (-0.00790354 0.000000 0.000000)))
(6.620000  ((0.00000000 0.000000 0.001223) (-0.04185416 0.000000 0.000000)))
(6.630000  ((0.00000000 0.000000 0.002038) (-0.06976572 0.000000 0.000000)))
(6.640000  ((0.00000000 0.000000 0.002583) (-0.08844260 0.000000 0.000000)))
(6.650000  ((0.00000000 0.000000 0.002798) (-0.09579251 0.000000 0.000000)))
(6.660000  ((0.00000000 0.000000 0.002660) (-0.09105186 0.000000 0.000000)))
(6.670000  ((0.00000000 0.000000 0.002187) (-0.07485867 0.000000 0.000000)))
(6.680000  ((0.00000000 0.000000 0.001436) (-0.04916753 0.000000 0.000000)))
(6.690000  ((0.00000000 0.000000 0.000497) (-0.01701798 0.000000 0.000000)))
(6.700000  ((0.00000000 0.000000 -0.000520) (0.01781717 0.000000 0.000000)))
(6.710000  ((0.00000000 0.000000 -0.001497) (0.05126429 0.000000 0.000000)))
(6.720000  ((0.00000000 0.000000 -0.002320) (0.07941481 0.000000 0.000000)))
(6.730000  ((0.00000000 0.000000 -0.002891) (0.09897315 0.000000 0.000000)))
(6.740000  ((0.00000000 0.000000 -0.003144) (0.10763733 0.000000 0.000000)))
(6.750000  ((0.00000000 0.000000 -0.003049) (0.10436912 0.000000 0.000000)))
(6.760000  ((0.00000000 0.000000 -0.002615) (0.08952231 0.000000 0.000000)))
(6.770000  ((0.00000000 0.000000 -0.001893) (0.06481240 0.000000 0.000000)))
(6.780000  ((0.00000000 0.000000 -0.000968) (0.03312843 0.000000 0.000000)))
(6.790000  ((0.00000000 0.000000 0.000052) (-0.00179469 0.000000 0.000000)))
(6.800000  ((0.00000000 0.000000 0.001046) (-0.03580821 0.000000 0.000000)))
(6.810000  ((0.00000000 0.000000 0.001894) (-0.06483774 0.000000 0.000000)))
(6.820000  ((0.00000000 0.000000 0.002494) (-0.08537116 0.000000 0.000000)))
(6.830000  ((0.00000000 0.000000 0.002772) (-0.09488780 0.000000 0.000000)))
(6.840000  ((0.00000000 0.000000 0.002692) (-0.09217573 0.000000 0.000000)))
(6.850000  ((0.00000000 0.000000 0.002264) (-0.07749572 0.000000 0.000000)))
(6.860000  ((0.00000000 0.000000 0.001536) (-0.05256808 0.000000 0.000000)))
(6.870000  ((0.00000000 0.000000 0.000595) (-0.02037969 0.000000 0.000000)))
(6.880000  ((0.00000000 0.000000 -0.000443) (0.01516885 0.000000 0.000000)))
(6.890000  ((0.00000000 0.000000 -0.001453) (0.04973525 0.000000 0.000000)))
(6.900000  ((0.00000000 0.000000 -0.002310) (0.07906977 0.000000 0.000000)))
(6.910000  ((0.00000000 0.000000 -0.002908) (0.09954493 0.000000 0.000000)))
(6.920000  ((0.00000000 0.000000 -0.003173) (0.10861336 0.000000 0.000000)))
(6.930000  ((0.00000000 0.000000 -0.003071) (0.10513410 0.000000 0.000000)))
(6.940000  ((0.00000000 0.000000 -0.002615) (0.08952364 0.000000 0.000000)))
(6.950000  ((0.00000000 0.000000 -0.001861) (0.06371041 0.000000 0.000000)))
(6.960000  ((0.00000000 0.000000 -0.000902) (0.03089660 0.000000 0.000000)))
(6.970000  ((0.00000000 0.000000 0.000141) (-0.00484335 0.000000 0.000000)))
(6.980000  ((0.00000000 0.000000 0.001141) (-0.03907638 0.000000 0.000000)))
(6.990000  ((0.00000000 0.000000 0.001974) (-0.06757043 0.000000 0.000000)))
(7.000000  ((0.00000000 0.000000 0.002536) (-0.08682757 0.000000 0.000000)))
(7.010000  ((0.00000000 0.000000 0.002761) (-0.09452150 0.000000 0.000000)))
(7.020000  ((0.00000000 0.000000 0.002623) (-0.08978319 0.000000 0.000000)))
(7.030000  ((0.00000000 0.000000 0.002141) (-0.07329882 0.000000 0.000000)))
(7.040000  ((0.00000000 0.000000 0.001379) (-0.04720888 0.000000 0.000000)))
(7.050000  ((0.00000000 0.000000 0.000433) (-0.01482380 0.000000 0.000000)))
(7.060000  ((0.00000000 0.000000 -0.000578) (0.01980487 0.000000 0.000000)))
(7.070000  ((0.00000000 0.000000 -0.001531) (0.05240045 0.000000 0.000000)))
(7.080000  ((0.00000000 0.000000 -0.002307) (0.07899681 0.000000 0.000000)))
(7.090000  ((0.00000000 0.000000 -0.002817) (0.09642493 0.000000 0.000000)))
(7.100000  ((0.00000000 0.000000 -0.003000) (0.10268995 0.000000 0.000000)))
(7.110000  ((0.00000000 0.000000 -0.002839) (0.09719382 0.000000 0.000000)))
(7.120000  ((0.00000000 0.000000 -0.002360) (0.08077981 0.000000 0.000000)))
(7.130000  ((0.00000000 0.000000 -0.001624) (0.05559852 0.000000 0.000000)))
(7.140000  ((0.00000000 0.000000 -0.000725) (0.02481747 0.000000 0.000000)))
(7.150000  ((0.00000000 0.000000 0.000227) (-0.00778492 0.000000 0.000000)))
(7.160000  ((0.00000000 0.000000 0.001118) (-0.03828753 0.000000 0.000000)))
(7.170000  ((0.00000000 0.000000 0.001843) (-0.06309808 0.000000 0.000000)))
(7.180000  ((0.00000000 0.000000 0.002318) (-0.07937126 0.000000 0.000000)))
(7.190000  ((0.00000000 0.000000 0.002492) (-0.08532596 0.000000 0.000000)))
(7.200000  ((0.00000000 0.000000 0.002349) (-0.08042798 0.000000 0.000000)))
(7.210000  ((0.00000000 0.000000 0.001911) (-0.06542238 0.000000 0.000000)))
(7.220000  ((0.00000000 0.000000 0.001233) (-0.04221722 0.000000 0.000000)))
(7.230000  ((0.00000000 0.000000 0.000398) (-0.01363774 0.000000 0.000000)))
(7.240000  ((0.00000000 0.000000 -0.000494) (0.01691679 0.000000 0.000000)))
(7.250000  ((0.00000000 0.000000 -0.001340) (0.04587191 0.000000 0.000000)))
(7.260000  ((0.00000000 0.000000 -0.002041) (0.06988682 0.000000 0.000000)))
(7.270000  ((0.00000000 0.000000 -0.002519) (0.08622821 0.000000 0.000000)))
(7.280000  ((0.00000000 0.000000 -0.002719) (0.09306979 0.000000 0.000000)))
(7.290000  ((0.00000000 0.000000 -0.002620) (0.08968689 0.000000 0.000000)))
(7.300000  ((0.00000000 0.000000 -0.002235) (0.07652755 0.000000 0.000000)))
(7.310000  ((0.00000000 0.000000 -0.001611) (0.05515422 0.000000 0.000000)))
(7.320000  ((0.00000000 0.000000 -0.000820) (0.02806349 0.000000 0.000000)))
(7.330000  ((0.00000000 0.000000 0.000047) (-0.00159639 0.000000 0.000000)))
(7.340000  ((0.00000000 0.000000 0.000887) (-0.03038032 0.000000 0.000000)))
(7.350000  ((0.00000000 0.000000 0.001605) (-0.05493573 0.000000 0.000000)))
(7.360000  ((0.00000000 0.000000 0.002114) (-0.07238485 0.000000 0.000000)))
(7.370000  ((0.00000000 0.000000 0.002356) (-0.08065810 0.000000 0.000000)))
(7.380000  ((0.00000000 0.000000 0.002300) (-0.07874071 0.000000 0.000000)))
(7.390000  ((0.00000000 0.000000 0.001951) (-0.06680313 0.000000 0.000000)))
(7.400000  ((0.00000000 0.000000 0.001349) (-0.04619740 0.000000 0.000000)))
(7.410000  ((0.00000000 0.000000 0.000564) (-0.01931600 0.000000 0.000000)))
(7.420000  ((0.00000000 0.000000 -0.000312) (0.01067466 0.000000 0.000000)))
(7.430000  ((0.00000000 0.000000 -0.001174) (0.04019872 0.000000 0.000000)))
(7.440000  ((0.00000000 0.000000 -0.001919) (0.06569321 0.000000 0.000000)))
(7.450000  ((0.00000000 0.000000 -0.002455) (0.08403899 0.000000 0.000000)))
(7.460000  ((0.00000000 0.000000 -0.002715) (0.09294813 0.000000 0.000000)))
(7.470000  ((0.00000000 0.000000 -0.002666) (0.09125839 0.000000 0.000000)))
(7.480000  ((0.00000000 0.000000 -0.002310) (0.07909513 0.000000 0.000000)))
(7.490000  ((0.00000000 0.000000 -0.001691) (0.05787630 0.000000 0.000000)))
(7.500000  ((0.00000000 0.000000 -0.000881) (0.03015535 0.000000 0.000000)))
(7.510000  ((0.00000000 0.000000 0.000020) (-0.00068254 0.000000 0.000000)))
(7.520000  ((0.00000000 0.000000 0.000901) (-0.03083530 0.000000 0.000000)))
(7.530000  ((0.00000000 0.000000 0.001652) (-0.05655906 0.000000 0.000000)))
(7.540000  ((0.00000000 0.000000 0.002180) (-0.07464278 0.000000 0.000000)))
(7.550000  ((0.00000000 0.000000 0.002419) (-0.08282057 0.000000 0.000000)))
(7.560000  ((0.00000000 0.000000 0.002339) (-0.08006645 0.000000 0.000000)))
(7.570000  ((0.00000000 0.000000 0.001949) (-0.06673140 0.000000 0.000000)))
(7.580000  ((0.00000000 0.000000 0.001300) (-0.04450275 0.000000 0.000000)))
(7.590000  ((0.00000000 0.000000 0.000473) (-0.01618984 0.000000 0.000000)))
(7.600000  ((0.00000000 0.000000 -0.000428) (0.01463655 0.000000 0.000000)))
(7.610000  ((0.00000000 0.000000 -0.001288) (0.04410377 0.000000 0.000000)))
(7.620000  ((0.00000000 0.000000 -0.002002) (0.06853487 0.000000 0.000000)))
(7.630000  ((0.00000000 0.000000 -0.002480) (0.08491802 0.000000 0.000000)))
(7.640000  ((0.00000000 0.000000 -0.002666) (0.09128596 0.000000 0.000000)))
(7.650000  ((0.00000000 0.000000 -0.002540) (0.08695586 0.000000 0.000000)))
(7.660000  ((0.00000000 0.000000 -0.002121) (0.07259977 0.000000 0.000000)))
(7.670000  ((0.00000000 0.000000 -0.001465) (0.05013873 0.000000 0.000000)))
(7.680000  ((0.00000000 0.000000 -0.000657) (0.02247781 0.000000 0.000000)))
(7.690000  ((0.00000000 0.000000 0.000201) (-0.00688010 0.000000 0.000000)))
(7.700000  ((0.00000000 0.000000 0.001002) (-0.03428828 0.000000 0.000000)))
(7.710000  ((0.00000000 0.000000 0.001648) (-0.05641714 0.000000 0.000000)))
(7.720000  ((0.00000000 0.000000 0.002064) (-0.07066235 0.000000 0.000000)))
(7.730000  ((0.00000000 0.000000 0.002204) (-0.07544922 0.000000 0.000000)))
(7.740000  ((0.00000000 0.000000 0.002056) (-0.07039836 0.000000 0.000000)))
(7.750000  ((0.00000000 0.000000 0.001646) (-0.05633665 0.000000 0.000000)))
(7.760000  ((0.00000000 0.000000 0.001027) (-0.03515880 0.000000 0.000000)))
(7.770000  ((0.00000000 0.000000 0.000279) (-0.00956325 0.000000 0.000000)))
(7.780000  ((0.00000000 0.000000 -0.000505) (0.01729918 0.000000 0.000000)))
(7.790000  ((0.00000000 0.000000 -0.001233) (0.04221656 0.000000 0.000000)))
(7.800000  ((0.00000000 0.000000 -0.001820) (0.06229779 0.000000 0.000000)))
(7.810000  ((0.00000000 0.000000 -0.002200) (0.07530020 0.000000 0.000000)))
(7.820000  ((0.00000000 0.000000 -0.002333) (0.07986718 0.000000 0.000000)))
(7.830000  ((0.00000000 0.000000 -0.002210) (0.07565340 0.000000 0.000000)))
(7.840000  ((0.00000000 0.000000 -0.001850) (0.06332975 0.000000 0.000000)))
(7.850000  ((0.00000000 0.000000 -0.001299) (0.04447416 0.000000 0.000000)))
(7.860000  ((0.00000000 0.000000 -0.000624) (0.02136663 0.000000 0.000000)))
(7.870000  ((0.00000000 0.000000 0.000096) (-0.00328428 0.000000 0.000000)))
(7.880000  ((0.00000000 0.000000 0.000778) (-0.02665110 0.000000 0.000000)))
(7.890000  ((0.00000000 0.000000 0.001347) (-0.04609950 0.000000 0.000000)))
(7.900000  ((0.00000000 0.000000 0.001737) (-0.05947082 0.000000 0.000000)))
(7.910000  ((0.00000000 0.000000 0.001908) (-0.06530778 0.000000 0.000000)))
(7.920000  ((0.00000000 0.000000 0.001840) (-0.06300299 0.000000 0.000000)))
(7.930000  ((0.00000000 0.000000 0.001544) (-0.05285721 0.000000 0.000000)))
(7.940000  ((0.00000000 0.000000 0.001053) (-0.03604287 0.000000 0.000000)))
(7.950000  ((0.00000000 0.000000 0.000423) (-0.01447703 0.000000 0.000000)))
(7.960000  ((0.00000000 0.000000 -0.000274) (0.00938447 0.000000 0.000000)))
(7.970000  ((0.00000000 0.000000 -0.000958) (0.03281206 0.000000 0.000000)))
(7.980000  ((0.00000000 0.000000 -0.001551) (0.05310129 0.000000 0.000000)))
(7.990000  ((0.00000000 0.000000 -0.001983) (0.06787555 0.000000 0.000000)))
(8.000000  ((0.00000000 0.000000 -0.002201) (0.07536078 0.000000 0.000000)))
(8.010000  ((0.00000000 0.000000 -0.002179) (0.07460113 0.000000 0.000000)))
(8.020000  ((0.00000000 0.000000 -0.001916) (0.06558905 0.000000 0.000000)))
(8.030000  ((0.00000000 0.000000 -0.001440) (0.04929041 0.000000 0.000000)))
(8.040000  ((0.00000000 0.000000 -0.000805) (0.02755660 0.000000 0.000000)))
(8.050000  ((0.00000000 0.000000 -0.000086) (0.00292766 0.000000 0.000000)))
(8.060000  ((0.00000000 0.000000 0.000633) (-0.02165539 0.000000 0.000000)))
(8.070000  ((0.00000000 0.000000 0.001262) (-0.04319841 0.000000 0.000000)))
(8.080000  ((0.00000000 0.000000 0.001724) (-0.05902191 0.000000 0.000000)))
(8.090000  ((0.00000000 0.000000 0.001960) (-0.06710287 0.000000 0.000000)))
(8.100000  ((0.00000000 0.000000 0.001938) (-0.06634549 0.000000 0.000000)))
(8.110000  ((0.00000000 0.000000 0.001657) (-0.05674253 0.000000 0.000000)))
(8.120000  ((0.00000000 0.000000 0.001151) (-0.03940126 0.000000 0.000000)))
(8.130000  ((0.00000000 0.000000 0.000480) (-0.01642542 0.000000 0.000000)))
(8.140000  ((0.00000000 0.000000 -0.000273) (0.00933657 0.000000 0.000000)))
(8.150000  ((0.00000000 0.000000 -0.001012) (0.03464741 0.000000 0.000000)))
(8.160000  ((0.00000000 0.000000 -0.001644) (0.05629606 0.000000 0.000000)))
(8.170000  ((0.00000000 0.000000 -0.002089) (0.07151719 0.000000 0.000000)))
(8.180000  ((0.00000000 0.000000 -0.002289) (0.07835795 0.000000 0.000000)))
(8.190000  ((0.00000000 0.000000 -0.002218) (0.07594073 0.000000 0.000000)))
(8.200000  ((0.00000000 0.000000 -0.001886) (0.06458442 0.000000 0.000000)))
(8.210000  ((0.00000000 0.000000 -0.001337) (0.04576567 0.000000 0.000000)))
(8.220000  ((0.00000000 0.000000 -0.000640) (0.02192417 0.000000 0.000000)))
(8.230000  ((0.00000000 0.000000 0.000113) (-0.00386185 0.000000 0.000000)))
(8.240000  ((0.00000000 0.000000 0.000826) (-0.02828542 0.000000 0.000000)))
(8.250000  ((0.00000000 0.000000 0.001409) (-0.04824892 0.000000 0.000000)))
(8.260000  ((0.00000000 0.000000 0.001790) (-0.06126995 0.000000 0.000000)))
(8.270000  ((0.00000000 0.000000 0.001922) (-0.06579941 0.000000 0.000000)))
(8.280000  ((0.00000000 0.000000 0.001794) (-0.06140905 0.000000 0.000000)))
(8.290000  ((0.00000000 0.000000 0.001426) (-0.04882532 0.000000 0.000000)))
(8.300000  ((0.00000000 0.000000 0.000871) (-0.02980811 0.000000 0.000000)))
(8.310000  ((0.00000000 0.000000 0.000201) (-0.00689509 0.000000 0.000000)))
(8.320000  ((0.00000000 0.000000 -0.000495) (0.01694942 0.000000 0.000000)))
(8.330000  ((0.00000000 0.000000 -0.001131) (0.03873025 0.000000 0.000000)))
(8.340000  ((0.00000000 0.000000 -0.001630) (0.05580647 0.000000 0.000000)))
(8.350000  ((0.00000000 0.000000 -0.001934) (0.06621459 0.000000 0.000000)))
(8.360000  ((0.00000000 0.000000 -0.002012) (0.06888962 0.000000 0.000000)))
(8.370000  ((0.00000000 0.000000 -0.001862) (0.06376003 0.000000 0.000000)))
(8.380000  ((0.00000000 0.000000 -0.001510) (0.05171116 0.000000 0.000000)))
(8.390000  ((0.00000000 0.000000 -0.001006) (0.03443003 0.000000 0.000000)))
(8.400000  ((0.00000000 0.000000 -0.000414) (0.01415935 0.000000 0.000000)))
(8.410000  ((0.00000000 0.000000 0.000193) (-0.00660165 0.000000 0.000000)))
(8.420000  ((0.00000000 0.000000 0.000742) (-0.02540783 0.000000 0.000000)))
(8.430000  ((0.00000000 0.000000 0.001173) (-0.04015120 0.000000 0.000000)))
(8.440000  ((0.00000000 0.000000 0.001440) (-0.04928435 0.000000 0.000000)))
(8.450000  ((0.00000000 0.000000 0.001518) (-0.05196341 0.000000 0.000000)))
(8.460000  ((0.00000000 0.000000 0.001405) (-0.04810153 0.000000 0.000000)))
(8.470000  ((0.00000000 0.000000 0.001120) (-0.03833582 0.000000 0.000000)))
(8.480000  ((0.00000000 0.000000 0.000699) (-0.02391992 0.000000 0.000000)))
(8.490000  ((0.00000000 0.000000 0.000192) (-0.00656108 0.000000 0.000000)))
(8.500000  ((0.00000000 0.000000 -0.000344) (0.01177678 0.000000 0.000000)))
(8.510000  ((0.00000000 0.000000 -0.000849) (0.02908205 0.000000 0.000000)))
(8.520000  ((0.00000000 0.000000 -0.001271) (0.04349709 0.000000 0.000000)))
(8.530000  ((0.00000000 0.000000 -0.001563) (0.05349645 0.000000 0.000000)))
(8.540000  ((0.00000000 0.000000 -0.001695) (0.05802925 0.000000 0.000000)))
(8.550000  ((0.00000000 0.000000 -0.001654) (0.05661674 0.000000 0.000000)))
(8.560000  ((0.00000000 0.000000 -0.001443) (0.04939900 0.000000 0.000000)))
(8.570000  ((0.00000000 0.000000 -0.001084) (0.03712712 0.000000 0.000000)))
(8.580000  ((0.00000000 0.000000 -0.000616) (0.02109961 0.000000 0.000000)))
(8.590000  ((0.00000000 0.000000 -0.000089) (0.00304514 0.000000 0.000000)))
(8.600000  ((0.00000000 0.000000 0.000439) (-0.01504260 0.000000 0.000000)))
(8.610000  ((0.00000000 0.000000 0.000909) (-0.03110696 0.000000 0.000000)))
(8.620000  ((0.00000000 0.000000 0.001263) (-0.04325081 0.000000 0.000000)))
(8.630000  ((0.00000000 0.000000 0.001459) (-0.04995810 0.000000 0.000000)))
(8.640000  ((0.00000000 0.000000 0.001469) (-0.05028913 0.000000 0.000000)))
(8.650000  ((0.00000000 0.000000 0.001286) (-0.04402346 0.000000 0.000000)))
(8.660000  ((0.00000000 0.000000 0.000927) (-0.03172708 0.000000 0.000000)))
(8.670000  ((0.00000000 0.000000 0.000430) (-0.01472710 0.000000 0.000000)))
(8.680000  ((0.00000000 0.000000 -0.000146) (0.00501213 0.000000 0.000000)))
(8.690000  ((0.00000000 0.000000 -0.000733) (0.02510433 0.000000 0.000000)))
(8.700000  ((0.00000000 0.000000 -0.001257) (0.04302714 0.000000 0.000000)))
(8.710000  ((0.00000000 0.000000 -0.001649) (0.05644476 0.000000 0.000000)))
(8.720000  ((0.00000000 0.000000 -0.001856) (0.06352523 0.000000 0.000000)))
(8.730000  ((0.00000000 0.000000 -0.001846) (0.06320695 0.000000 0.000000)))
(8.740000  ((0.00000000 0.000000 -0.001617) (0.05537285 0.000000 0.000000)))
(8.750000  ((0.00000000 0.000000 -0.001195) (0.04090160 0.000000 0.000000)))
(8.760000  ((0.00000000 0.000000 -0.000630) (0.02158139 0.000000 0.000000)))
(8.770000  ((0.00000000 0.000000 0.000003) (-0.00010814 0.000000 0.000000)))
(8.780000  ((0.00000000 0.000000 0.000623) (-0.02131985 0.000000 0.000000)))
(8.790000  ((0.00000000 0.000000 0.001146) (-0.03922571 0.000000 0.000000)))
(8.800000  ((0.00000000 0.000000 0.001502) (-0.05141119 0.000000 0.000000)))
(8.810000  ((0.00000000 0.000000 0.001642) (-0.05621939 0.000000 0.000000)))
(8.820000  ((0.00000000 0.000000 0.001548) (-0.05299259 0.000000 0.000000)))
(8.830000  ((0.00000000 0.000000 0.001232) (-0.04217303 0.000000 0.000000)))
(8.840000  ((0.00000000 0.000000 0.000737) (-0.02524585 0.000000 0.000000)))
(8.850000  ((0.00000000 0.000000 0.000132) (-0.00453061 0.000000 0.000000)))
(8.860000  ((0.00000000 0.000000 -0.000501) (0.01714848 0.000000 0.000000)))
(8.870000  ((0.00000000 0.000000 -0.001077) (0.03686472 0.000000 0.000000)))
(8.880000  ((0.00000000 0.000000 -0.001519) (0.05200308 0.000000 0.000000)))
(8.890000  ((0.00000000 0.000000 -0.001771) (0.06062442 0.000000 0.000000)))
(8.900000  ((0.00000000 0.000000 -0.001803) (0.06172572 0.000000 0.000000)))
(8.910000  ((0.00000000 0.000000 -0.001617) (0.05535906 0.000000 0.000000)))
(8.920000  ((0.00000000 0.000000 -0.001244) (0.04259456 0.000000 0.000000)))
(8.930000  ((0.00000000 0.000000 -0.000740) (0.02533686 0.000000 0.000000)))
(8.940000  ((0.00000000 0.000000 -0.000176) (0.00602724 0.000000 0.000000)))
(8.950000  ((0.00000000 0.000000 0.000372) (-0.01271980 0.000000 0.000000)))
(8.960000  ((0.00000000 0.000000 0.000832) (-0.02848831 0.000000 0.000000)))
(8.970000  ((0.00000000 0.000000 0.001150) (-0.03938487 0.000000 0.000000)))
(8.980000  ((0.00000000 0.000000 0.001293) (-0.04426896 0.000000 0.000000)))
(8.990000  ((0.00000000 0.000000 0.001252) (-0.04286079 0.000000 0.000000)))
(9.000000  ((0.00000000 0.000000 0.001043) (-0.03571888 0.000000 0.000000)))
(9.010000  ((0.00000000 0.000000 0.000704) (-0.02410033 0.000000 0.000000)))
(9.020000  ((0.00000000 0.000000 0.000284) (-0.00973446 0.000000 0.000000)))
(9.030000  ((0.00000000 0.000000 -0.000159) (0.00544846 0.000000 0.000000)))
(9.040000  ((0.00000000 0.000000 -0.000572) (0.01958833 0.000000 0.000000)))
(9.050000  ((0.00000000 0.000000 -0.000909) (0.03112586 0.000000 0.000000)))
(9.060000  ((0.00000000 0.000000 -0.001138) (0.03896315 0.000000 0.000000)))
(9.070000  ((0.00000000 0.000000 -0.001243) (0.04253995 0.000000 0.000000)))
(9.080000  ((0.00000000 0.000000 -0.001222) (0.04182706 0.000000 0.000000)))
(9.090000  ((0.00000000 0.000000 -0.001088) (0.03725201 0.000000 0.000000)))
(9.100000  ((0.00000000 0.000000 -0.000864) (0.02958126 0.000000 0.000000)))
(9.110000  ((0.00000000 0.000000 -0.000578) (0.01978620 0.000000 0.000000)))
(9.120000  ((0.00000000 0.000000 -0.000260) (0.00891765 0.000000 0.000000)))
(9.130000  ((0.00000000 0.000000 0.000058) (-0.00199418 0.000000 0.000000)))
(9.140000  ((0.00000000 0.000000 0.000351) (-0.01200725 0.000000 0.000000)))
(9.150000  ((0.00000000 0.000000 0.000593) (-0.02030554 0.000000 0.000000)))
(9.160000  ((0.00000000 0.000000 0.000766) (-0.02621786 0.000000 0.000000)))
(9.170000  ((0.00000000 0.000000 0.000854) (-0.02923115 0.000000 0.000000)))
(9.180000  ((0.00000000 0.000000 0.000847) (-0.02901068 0.000000 0.000000)))
(9.190000  ((0.00000000 0.000000 0.000743) (-0.02543334 0.000000 0.000000)))
(9.200000  ((0.00000000 0.000000 0.000544) (-0.01863198 0.000000 0.000000)))
(9.210000  ((0.00000000 0.000000 0.000264) (-0.00904012 0.000000 0.000000)))
(9.220000  ((0.00000000 0.000000 -0.000075) (0.00258048 0.000000 0.000000)))
(9.230000  ((0.00000000 0.000000 -0.000442) (0.01514858 0.000000 0.000000)))
(9.240000  ((0.00000000 0.000000 -0.000798) (0.02732458 0.000000 0.000000)))
(9.250000  ((0.00000000 0.000000 -0.001099) (0.03763126 0.000000 0.000000)))
(9.260000  ((0.00000000 0.000000 -0.001304) (0.04462865 0.000000 0.000000)))
(9.270000  ((0.00000000 0.000000 -0.001376) (0.04712366 0.000000 0.000000)))
(9.280000  ((0.00000000 0.000000 -0.001296) (0.04438272 0.000000 0.000000)))
(9.290000  ((0.00000000 0.000000 -0.001061) (0.03630877 0.000000 0.000000)))
(9.300000  ((0.00000000 0.000000 -0.000688) (0.02354328 0.000000 0.000000)))
(9.310000  ((0.00000000 0.000000 -0.000218) (0.00746254 0.000000 0.000000)))
(9.320000  ((0.00000000 0.000000 0.000291) (-0.00994719 0.000000 0.000000)))
(9.330000  ((0.00000000 0.000000 0.000769) (-0.02633040 0.000000 0.000000)))
(9.340000  ((0.00000000 0.000000 0.001148) (-0.03929116 0.000000 0.000000)))
(9.350000  ((0.00000000 0.000000 0.001366) (-0.04676298 0.000000 0.000000)))
(9.360000  ((0.00000000 0.000000 0.001383) (-0.04735982 0.000000 0.000000)))
(9.370000  ((0.00000000 0.000000 0.001187) (-0.04064586 0.000000 0.000000)))
(9.380000  ((0.00000000 0.000000 0.000797) (-0.02727054 0.000000 0.000000)))
(9.390000  ((0.00000000 0.000000 0.000261) (-0.00893451 0.000000 0.000000)))
(9.400000  ((0.00000000 0.000000 -0.000345) (0.01181999 0.000000 0.000000)))
(9.410000  ((0.00000000 0.000000 -0.000934) (0.03197055 0.000000 0.000000)))
(9.420000  ((0.00000000 0.000000 -0.001416) (0.04847542 0.000000 0.000000)))
(9.430000  ((0.00000000 0.000000 -0.001716) (0.05876062 0.000000 0.000000)))
(9.440000  ((0.00000000 0.000000 -0.001786) (0.06115123 0.000000 0.000000)))
(9.450000  ((0.00000000 0.000000 -0.001612) (0.05517049 0.000000 0.000000)))
(9.460000  ((0.00000000 0.000000 -0.001217) (0.04164969 0.000000 0.000000)))
(9.470000  ((0.00000000 0.000000 -0.000661) (0.02262288 0.000000 0.000000)))
(9.480000  ((0.00000000 0.000000 -0.000030) (0.00101698 0.000000 0.000000)))
(9.490000  ((0.00000000 0.000000 0.000579) (-0.01981534 0.000000 0.000000)))
(9.500000  ((0.00000000 0.000000 0.001070) (-0.03664336 0.000000 0.000000)))
(9.510000  ((0.00000000 0.000000 0.001370) (-0.04689343 0.000000 0.000000)))
(9.520000  ((0.00000000 0.000000 0.001434) (-0.04907784 0.000000 0.000000)))
(9.530000  ((0.00000000 0.000000 0.001257) (-0.04304078 0.000000 0.000000)))
(9.540000  ((0.00000000 0.000000 0.000876) (-0.02997538 0.000000 0.000000)))
(9.550000  ((0.00000000 0.000000 0.000357) (-0.01220664 0.000000 0.000000)))
(9.560000  ((0.00000000 0.000000 -0.000211) (0.00722302 0.000000 0.000000)))
(9.570000  ((0.00000000 0.000000 -0.000733) (0.02509239 0.000000 0.000000)))
(9.580000  ((0.00000000 0.000000 -0.001127) (0.03856718 0.000000 0.000000)))
(9.590000  ((0.00000000 0.000000 -0.001335) (0.04568964 0.000000 0.000000)))
(9.600000  ((0.00000000 0.000000 -0.001335) (0.04570199 0.000000 0.000000)))
(9.610000  ((0.00000000 0.000000 -0.001143) (0.03914354 0.000000 0.000000)))
(9.620000  ((0.00000000 0.000000 -0.000809) (0.02770381 0.000000 0.000000)))
(9.630000  ((0.00000000 0.000000 -0.000405) (0.01386002 0.000000 0.000000)))
(9.640000  ((0.00000000 0.000000 -0.000011) (0.00036937 0.000000 0.000000)))
(9.650000  ((0.00000000 0.000000 0.000300) (-0.01028462 0.000000 0.000000)))
(9.660000  ((0.00000000 0.000000 0.000479) (-0.01638157 0.000000 0.000000)))
(9.670000  ((0.00000000 0.000000 0.000505) (-0.01729091 0.000000 0.000000)))
(9.680000  ((0.00000000 0.000000 0.000396) (-0.01356731 0.000000 0.000000)))
(9.690000  ((0.00000000 0.000000 0.000198) (-0.00679211 0.000000 0.000000)))
(9.700000  ((0.00000000 0.000000 -0.000024) (0.00081048 0.000000 0.000000)))
(9.710000  ((0.00000000 0.000000 -0.000202) (0.00690630 0.000000 0.000000)))
(9.720000  ((0.00000000 0.000000 -0.000281) (0.00962258 0.000000 0.000000)))
(9.730000  ((0.00000000 0.000000 -0.000235) (0.00803384 0.000000 0.000000)))
(9.740000  ((0.00000000 0.000000 -0.000072) (0.00244983 0.000000 0.000000)))
(9.750000  ((0.00000000 0.000000 0.000163) (-0.00557190 0.000000 0.000000)))
(9.760000  ((0.00000000 0.000000 0.000395) (-0.01351270 0.000000 0.000000)))
(9.770000  ((0.00000000 0.000000 0.000539) (-0.01844055 0.000000 0.000000)))
(9.780000  ((0.00000000 0.000000 0.000518) (-0.01772154 0.000000 0.000000)))
(9.790000  ((0.00000000 0.000000 0.000285) (-0.00975327 0.000000 0.000000)))
(9.800000  ((0.00000000 0.000000 -0.000159) (0.00544059 0.000000 0.000000)))
(9.810000  ((0.00000000 0.000000 -0.000757) (0.02590461 0.000000 0.000000)))
(9.820000  ((0.00000000 0.000000 -0.001397) (0.04784199 0.000000 0.000000)))
(9.830000  ((0.00000000 0.000000 -0.001932) (0.06614085 0.000000 0.000000)))
(9.840000  ((0.00000000 0.000000 -0.002199) (0.07529323 0.000000 0.000000)))
(9.850000  ((0.00000000 0.000000 -0.002062) (0.07058055 0.000000 0.000000)))
(9.860000  ((0.00000000 0.000000 -0.001441) (0.04933078 0.000000 0.000000)))
(9.870000  ((0.00000000 0.000000 -0.000351) (0.01201344 0.000000 0.000000)))
(9.880000  ((0.00000000 0.000000 0.001083) (-0.03706220 0.000000 0.000000)))
(9.890000  ((0.00000000 0.000000 0.002618) (-0.08963842 0.000000 0.000000)))
(9.900000  ((0.00000000 0.000000 0.003917) (-0.13410184 0.000000 0.000000)))
(9.910000  ((0.00000000 0.000000 0.004580) (-0.15678040 0.000000 0.000000)))
(9.920000  ((0.00000000 0.000000 0.004201) (-0.14382604 0.000000 0.000000)))
(9.930000  ((0.00000000 0.000000 0.002438) (-0.08345153 0.000000 0.000000)))
(9.940000  ((0.00000000 0.000000 -0.000929) (0.03179483 0.000000 0.000000)))
(9.950000  ((0.00000000 0.000000 -0.005932) (0.20307474 0.000000 0.000000)))
(9.960000  ((0.00000000 0.000000 -0.012384) (0.42397192 0.000000 0.000000)))
(9.970000  ((0.00000000 0.000000 -0.019868) (0.68015080 0.000000 0.000000)))
)
