4.427385841935159e-06
1.1421603487390318e-05
3.637805394400799e-05
7.183834871907006e-05
0.00012218105979275992
0.00021222304559451665
0.0003273206149739175
0.0005341100658235317
0.0007613348533843505
0.0010840366563072627
0.0014687932212236665
0.001924914270528334
0.0021399671597395332
0.0021020639571555488
0.0019590016557686587
0.001779393433509741
0.0015311489468894039
0.0012927943471073564
0.001130878643530988
0.0010330069330300395
0.0009501357379018998
0.0008411142318175044
0.0007354654265944785
