current_time, current_time_step, current_sub-iteration, fetchTime, forceVecProjTime, linearAssembleTime, bcApplyTime, solverSolveTime, totalForceCalTime, printDispTime, pushTime, moveMeshTime, dispVTKExpTime, dispTxtExpTime, checkpointExpTime, assignOldFuncSpaceTime, simtimePerIter, simtimePerStep
0.001,1,1,0.008343219757080078,0.006453037261962891,0.013433456420898438,0.00015211105346679688,0.15326857566833496,0.004953861236572266,0.0006840229034423828,0.005463123321533203,0.0,0.0,0.0,0.0,0.0,0.19277524948120117,0.0
0.001,1,2,4.418488025665283,0.0006127357482910156,0.007884025573730469,0.0001957416534423828,0.1092529296875,0.0036399364471435547,0.0002574920654296875,0.0043697357177734375,0.0,0.0,0.0,0.0,0.0,4.544721603393555,0.0
current_time, current_time_step, current_sub-iteration, fetchTime, forceVecProjTime, linearAssembleTime, bcApplyTime, solverSolveTime, totalForceCalTime, printDispTime, pushTime, moveMeshTime, dispVTKExpTime, dispTxtExpTime, checkpointExpTime, assignOldFuncSpaceTime, simtimePerIter, simtimePerStep
0.03,1,1,0.02481985092163086,0.0011119842529296875,0.024355411529541016,0.00022912025451660156,1.7766506671905518,0.006662845611572266,0.0010743141174316406,0.015642404556274414,0.0,0.0,0.0,0.0,0.0,1.8505778312683105,0.0
0.03,1,2,7.491194725036621,0.0012507438659667969,0.02265191078186035,0.00022029876708984375,1.6180078983306885,0.016977787017822266,0.0003731250762939453,0.04880261421203613,0.0,0.0,0.0,0.0,0.0,9.19951343536377,0.0
0.03,1,3,7.0521910190582275,0.0012454986572265625,0.020419597625732422,0.0002155303955078125,2.235812187194824,0.025115489959716797,0.0005772113800048828,0.04733610153198242,0.0,0.0,0.0,0.0,0.0,9.382953882217407,0.0
0.03,1,4,7.490562677383423,0.001300811767578125,0.02592754364013672,0.0002720355987548828,1.4936683177947998,0.005868434906005859,0.0004687309265136719,0.018273353576660156,0.0,0.0,0.0,0.0,0.0,9.036382913589478,0.0
0.03,1,5,7.156408786773682,0.0012829303741455078,0.02362680435180664,0.0002474784851074219,1.4830961227416992,0.014573812484741211,0.0010266304016113281,0.03749895095825195,0.0,0.0,0.0,0.0,0.0,8.717798233032227,0.0
0.06,2,1,1.4729735851287842,0.0012195110321044922,0.023650407791137695,0.00024008750915527344,1.7322289943695068,0.018196582794189453,0.0012519359588623047,0.05129814147949219,0.008588075637817383,11.921162128448486,0.0014150142669677734,0.009263992309570312,0.002180337905883789,3.3010973930358887,50.132091760635376
0.06,2,2,6.994029760360718,0.0012216567993164062,0.024767160415649414,0.00024890899658203125,1.647857904434204,0.019388675689697266,0.009214162826538086,0.048592329025268555,0.008588075637817383,11.921162128448486,0.0014150142669677734,0.009263992309570312,0.002180337905883789,8.745368480682373,50.132091760635376
0.06,2,3,7.3079423904418945,0.0005173683166503906,0.016836881637573242,0.00015234947204589844,1.5522830486297607,0.01842951774597168,0.0012562274932861328,0.048182010650634766,0.008588075637817383,11.921162128448486,0.0014150142669677734,0.009263992309570312,0.002180337905883789,8.945631980895996,50.132091760635376
0.06,2,4,7.9455037117004395,0.0012357234954833984,0.025723695755004883,0.0002689361572265625,1.698521375656128,0.020739078521728516,0.0013887882232666016,0.04024314880371094,0.008588075637817383,11.921162128448486,0.0014150142669677734,0.009263992309570312,0.002180337905883789,9.73366665840149,50.132091760635376
0.06,2,5,8.004274845123291,0.0014719963073730469,0.027096033096313477,0.00027179718017578125,1.7668306827545166,0.032235145568847656,0.0005517005920410156,0.051622629165649414,0.008588075637817383,11.921162128448486,0.0014150142669677734,0.009263992309570312,0.002180337905883789,9.884403228759766,50.132091760635376
0.09,3,1,2.248119592666626,0.0005395412445068359,0.01630258560180664,0.00018930435180664062,1.631737232208252,0.015705108642578125,0.0005207061767578125,0.016640663146972656,0.00470733642578125,13.496958255767822,0.0014164447784423828,0.02747964859008789,0.027241230010986328,3.929790496826172,54.170385122299194
0.09,3,2,7.535083293914795,0.0012545585632324219,0.023664236068725586,0.0002751350402832031,1.72979736328125,0.035758018493652344,0.0023338794708251953,0.043720245361328125,0.00470733642578125,13.496958255767822,0.0014164447784423828,0.02747964859008789,0.027241230010986328,9.371932983398438,54.170385122299194
0.09,3,3,8.09763479232788,0.0005886554718017578,0.015568256378173828,0.00016164779663085938,1.300713300704956,0.015598058700561523,0.0004596710205078125,0.0223085880279541,0.00470733642578125,13.496958255767822,0.0014164447784423828,0.02747964859008789,0.027241230010986328,9.453072786331177,54.170385122299194
0.09,3,4,7.337692737579346,0.001294851303100586,0.03580617904663086,0.0002429485321044922,1.2658376693725586,0.027335166931152344,0.0019350051879882812,0.04844093322753906,0.00470733642578125,13.496958255767822,0.0014164447784423828,0.02747964859008789,0.027241230010986328,8.718631744384766,54.170385122299194
0.09,3,5,7.3170130252838135,0.0004966259002685547,0.014895439147949219,0.0001513957977294922,0.8752107620239258,0.006196260452270508,0.0006299018859863281,0.07302045822143555,0.00470733642578125,13.496958255767822,0.0014164447784423828,0.02747964859008789,0.027241230010986328,8.287650108337402,54.170385122299194
0.12,4,1,3.2814860343933105,0.0005233287811279297,0.013823270797729492,0.0001533031463623047,1.8650884628295898,0.022704124450683594,0.00122833251953125,0.04809904098510742,0.0041277408599853516,14.799784183502197,0.0013380050659179688,0.020277976989746094,0.02346181869506836,5.233143091201782,54.61255216598511
0.12,4,2,6.134907245635986,0.0013322830200195312,0.025502681732177734,0.0003094673156738281,2.008892297744751,0.01241302490234375,0.0009357929229736328,0.03408026695251465,0.0041277408599853516,14.799784183502197,0.0013380050659179688,0.020277976989746094,0.02346181869506836,8.218433856964111,54.61255216598511
0.12,4,3,6.766662120819092,0.0012631416320800781,0.023552656173706055,0.0002751350402832031,2.1687188148498535,0.0245974063873291,0.00044536590576171875,0.037871360778808594,0.0041277408599853516,14.799784183502197,0.0013380050659179688,0.020277976989746094,0.02346181869506836,9.023435831069946,54.61255216598511
0.12,4,4,7.709597587585449,0.0012569427490234375,0.024709701538085938,0.0002551078796386719,1.6381545066833496,0.0062618255615234375,0.000423431396484375,0.015663862228393555,0.0041277408599853516,14.799784183502197,0.0013380050659179688,0.020277976989746094,0.02346181869506836,9.396364212036133,54.61255216598511
0.12,4,5,6.566654920578003,0.0005125999450683594,0.015670299530029297,0.00022339820861816406,2.00525164604187,0.02108168601989746,0.0004315376281738281,0.023098468780517578,0.0041277408599853516,14.799784183502197,0.0013380050659179688,0.020277976989746094,0.02346181869506836,8.632965326309204,54.61255216598511
0.15,5,1,3.2477307319641113,0.0005600452423095703,0.01530766487121582,0.0001647472381591797,1.5176301002502441,0.03608059883117676,0.0003848075866699219,0.05666923522949219,0.004436492919921875,9.903450965881348,0.0015726089477539062,0.015403270721435547,0.02129650115966797,4.874562501907349,50.46565103530884
0.15,5,2,8.890814304351807,0.0012905597686767578,0.025574207305908203,0.00028443336486816406,1.9653055667877197,0.020989418029785156,0.0005245208740234375,0.028297901153564453,0.004436492919921875,9.903450965881348,0.0015726089477539062,0.015403270721435547,0.02129650115966797,10.933120489120483,50.46565103530884
0.15,5,3,7.6017067432403564,0.0014696121215820312,0.05809736251831055,0.0002529621124267578,1.2188472747802734,0.012536048889160156,0.0012042522430419922,0.04013705253601074,0.004436492919921875,9.903450965881348,0.0015726089477539062,0.015403270721435547,0.02129650115966797,8.934293270111084,50.46565103530884
0.15,5,4,7.361087322235107,0.0011637210845947266,0.02355360984802246,0.0002601146697998047,1.9779715538024902,0.024924278259277344,0.0010118484497070312,0.05435824394226074,0.004436492919921875,9.903450965881348,0.0015726089477539062,0.015403270721435547,0.02129650115966797,9.444376468658447,50.46565103530884
0.15,5,5,7.989286661148071,0.001220703125,0.02289891242980957,0.00023889541625976562,1.9186336994171143,0.021021604537963867,0.0009372234344482422,0.030742168426513672,0.004436492919921875,9.903450965881348,0.0015726089477539062,0.015403270721435547,0.02129650115966797,9.985032320022583,50.46565103530884
0.18,6,1,3.949594259262085,0.0004999637603759766,0.015073537826538086,0.0001595020294189453,1.5924274921417236,0.01111912727355957,0.00041484832763671875,0.016475439071655273,0.00439000129699707,13.066489934921265,0.004896879196166992,0.03142285346984863,0.002167940139770508,5.585799217224121,57.28385949134827
0.18,6,2,8.791808366775513,0.0012514591217041016,0.02484440803527832,0.00024890899658203125,1.9262757301330566,0.006099700927734375,0.0004978179931640625,0.017047405242919922,0.00439000129699707,13.066489934921265,0.004896879196166992,0.03142285346984863,0.002167940139770508,10.768125057220459,57.28385949134827
0.18,6,3,6.9313554763793945,0.0005207061767578125,0.01570272445678711,0.00016927719116210938,1.2388496398925781,0.012578487396240234,0.0009090900421142578,0.03247261047363281,0.00439000129699707,13.066489934921265,0.004896879196166992,0.03142285346984863,0.002167940139770508,8.232593774795532,57.28385949134827
0.18,6,4,7.5908637046813965,0.0012624263763427734,0.02448248863220215,0.00027489662170410156,1.33595609664917,0.016797780990600586,0.0005121231079101562,0.050462961196899414,0.00439000129699707,13.066489934921265,0.004896879196166992,0.03142285346984863,0.002167940139770508,9.020651817321777,57.28385949134827
0.18,6,5,6.7447686195373535,0.0005266666412353516,0.015408515930175781,0.0001506805419921875,1.2694315910339355,0.026169776916503906,0.0004642009735107422,0.05175185203552246,0.00439000129699707,13.066489934921265,0.004896879196166992,0.03142285346984863,0.002167940139770508,8.108709573745728,57.28385949134827
0.21,7,1,2.994508743286133,0.0005750656127929688,0.01552724838256836,0.0001537799835205078,1.5510797500610352,0.04065656661987305,0.00043272972106933594,0.05238938331604004,0.0044438838958740234,10.7069730758667,0.0006973743438720703,0.00941157341003418,0.0020666122436523438,4.655362367630005,52.447322845458984
0.21,7,2,8.06992769241333,0.0005292892456054688,0.014986991882324219,0.00015115737915039062,0.866173267364502,0.006586313247680664,0.0004150867462158203,0.016435623168945312,0.0044438838958740234,10.7069730758667,0.0006973743438720703,0.00941157341003418,0.0020666122436523438,8.975240468978882,52.447322845458984
0.21,7,3,7.032295227050781,0.0005171298980712891,0.01591634750366211,0.0001614093780517578,2.0071654319763184,0.025464296340942383,0.00048542022705078125,0.047951698303222656,0.0044438838958740234,10.7069730758667,0.0006973743438720703,0.00941157341003418,0.0020666122436523438,9.129999876022339,52.447322845458984
